-1.960668921470642	33.82416534423828	21.959388732910156
-33.5367431640625	0.28020593523979187	-9.98188304901123
-0.5194248557090759	2.0964810848236084	-22.144683837890625
-29.42953872680664	30.277027130126953	7.308656692504883
19.71282958984375	-17.092453002929688	-3.273817300796509
6.602206707000732	-21.71802520751953	10.14221477508545
25.707439422607422	-3.841414451599121	-21.313716888427734
4.2658586502075195	-0.6864700317382812	37.76351547241211
0.7427332997322083	38.13001251220703	16.805252075195312
4.548398017883301	-32.787742614746094	-19.74209213256836
38.79704666137695	10.87059211730957	1.2002118825912476
30.34442138671875	28.12406349182129	14.895139694213867
-31.61721420288086	11.62252140045166	1.600379228591919
10.317224502563477	-19.513853073120117	-15.882143020629883
29.89091682434082	25.71932029724121	16.229955673217773
-30.30795669555664	35.69429397583008	-24.14653778076172
28.770275115966797	32.95448303222656	8.326558113098145
-33.0096321105957	23.08978843688965	-11.305547714233398
-18.22643280029297	16.931238174438477	-30.352664947509766
-23.501211166381836	9.350893020629883	7.674643039703369
23.091508865356445	26.18807029724121	-3.7475240230560303
-28.740631103515625	-1.7598294019699097	3.468477249145508
26.50554656982422	-2.8979320526123047	15.71794319152832
18.891551971435547	9.543133735656738	-23.23078155517578
17.89101219177246	-7.148382663726807	-25.582000732421875
-7.33236837387085	13.466836929321289	28.917219161987305
-23.28288459777832	-17.45792007446289	-20.509733200073242
-23.32099723815918	15.740592956542969	-35.34895324707031
3.8695425987243652	-37.96772384643555	34.5155143737793
24.878007888793945	20.75460433959961	6.538169860839844
18.151304244995117	11.480561256408691	-12.6410551071167
9.667954444885254	26.749753952026367	-0.37075263261795044
36.181278228759766	6.866581916809082	3.814046621322632
27.162574768066406	-7.507807731628418	2.7681281566619873
38.30691909790039	32.49029541015625	-32.57500076293945
33.93181228637695	-16.11544418334961	-39.47554016113281
-27.689727783203125	-37.125152587890625	-13.169512748718262
-23.49948501586914	-11.524042129516602	31.316326141357422
-26.7802677154541	-7.274588584899902	14.176045417785645
-32.386741638183594	21.492652893066406	23.34949493408203
34.93711853027344	9.597228050231934	34.18337631225586
23.373764038085938	6.702311992645264	-10.1010160446167
-36.315486907958984	-11.38469123840332	11.232954025268555
21.89040184020996	-21.514324188232422	-37.37083053588867
-4.267437934875488	5.7929911613464355	-14.209701538085938
23.327335357666016	-26.89020347595215	-19.362760543823242
-30.540746688842773	-6.41667366027832	-29.97142791748047
25.968957901000977	-22.570737838745117	24.871416091918945
-3.7558019161224365	28.714120864868164	27.500415802001953
-15.020236015319824	-3.8198599815368652	-27.02684211730957
33.8674201965332	-23.729700088500977	34.350704193115234
-12.543766975402832	25.53524398803711	22.229124069213867
-22.69309425354004	-1.1924842596054077	-23.793468475341797
-33.69377517700195	7.352805137634277	-34.33308792114258
-14.825448989868164	-22.84490966796875	8.63302993774414
5.959319591522217	-26.38114356994629	37.2764778137207
23.24991226196289	8.824153900146484	-7.479803562164307
31.472705841064453	30.871362686157227	-16.445064544677734
-3.6049513816833496	-33.92334747314453	-34.66707229614258
17.527013778686523	-27.911792755126953	-12.315646171569824
-2.4519851207733154	33.15302658081055	14.259900093078613
-29.295997619628906	-18.393043518066406	3.5729386806488037
-24.8653507232666	0.7633351683616638	-12.544376373291016
10.032470703125	33.98014831542969	26.613601684570312
17.35605812072754	27.19445037841797	-38.14974594116211
-5.184094429016113	26.75361442565918	16.73261833190918
-24.44529151916504	28.105392456054688	-4.994504451751709
-18.80506134033203	20.333894729614258	-19.648391723632812
29.498092651367188	9.16360092163086	-13.321751594543457
-21.64989471435547	36.995174407958984	8.241168022155762
-13.477555274963379	6.4196367263793945	-15.487322807312012
-19.099393844604492	-22.352333068847656	-1.844784140586853
-26.73153305053711	14.077099800109863	2.29360294342041
-25.47821044921875	2.151987075805664	14.68088150024414
19.892332077026367	29.782001495361328	30.87427520751953
37.90311813354492	-21.571510314941406	-30.543556213378906
32.195655822753906	-12.67776107788086	-32.650047302246094
-11.539128303527832	23.245086669921875	33.44593811035156
-6.966622352600098	-36.057884216308594	3.478915214538574
-0.5304092764854431	18.288793563842773	-29.476581573486328
17.712419509887695	31.841766357421875	0.7333476543426514
-21.553773880004883	1.274046540260315	-23.96939468383789
-25.182693481445312	-39.68781661987305	-11.976940155029297
24.36817741394043	35.30908203125	-19.275821685791016
24.361722946166992	4.34017276763916	-21.07371711730957
-6.916893482208252	-8.665907859802246	28.149168014526367
-4.858696460723877	-31.595104217529297	18.729537963867188
22.618797302246094	12.683822631835938	-18.42879867553711
-22.558664321899414	6.7667365074157715	20.34427833557129
-27.503799438476562	-18.33549690246582	7.8836236000061035
-36.87593078613281	-23.28862190246582	-31.53594970703125
24.967376708984375	4.121304512023926	34.39218521118164
21.214031219482422	11.22021484375	28.514387130737305
0.8624514937400818	-38.0387077331543	30.449338912963867
19.681503295898438	-16.416536331176758	-19.80048942565918
-6.122816562652588	39.985595703125	15.937409400939941
1.074151635169983	39.62351989746094	16.088863372802734
22.874988555908203	29.26642417907715	25.460067749023438
4.176218509674072	17.884990692138672	-13.261334419250488
-25.14750862121582	-0.8195911645889282	1.428168535232544
-39.63957595825195	0.9923189878463745	-8.269453048706055
29.467803955078125	-19.53583335876465	15.481788635253906
-34.4111328125	34.348167419433594	-36.72687911987305
-26.652341842651367	5.291129112243652	-30.4497013092041
13.289860725402832	10.020808219909668	25.812833786010742
-26.0787410736084	-24.33219337463379	-28.156808853149414
3.568410634994507	-8.291655540466309	38.9439582824707
-30.58496856689453	5.0163445472717285	36.981964111328125
-31.70638084411621	29.64006233215332	-19.108501434326172
17.948991775512695	-37.080787658691406	-1.3350952863693237
13.55496597290039	-32.6058464050293	34.129066467285156
7.718265533447266	17.78774642944336	21.048274993896484
-4.121428489685059	-37.76557922363281	-38.752315521240234
-2.4090497493743896	36.59530258178711	24.206527709960938
-3.6215102672576904	0.9270225763320923	5.513366222381592
-22.077537536621094	3.0878090858459473	-20.87355613708496
-36.83988571166992	10.18392276763916	-13.865903854370117
34.19082260131836	-15.610013008117676	3.0559914112091064
14.690411567687988	-3.9197123050689697	-30.21818733215332
10.4553861618042	22.31717300415039	-1.6216981410980225
36.631038665771484	-15.971281051635742	-30.182498931884766
22.699953079223633	17.027324676513672	-3.9201207160949707
30.408769607543945	-22.892946243286133	-16.457059860229492
23.022428512573242	-26.18586540222168	29.00486946105957
-30.719432830810547	-7.963402271270752	25.712148666381836
-7.547682762145996	-26.486116409301758	28.215612411499023
-22.315305709838867	3.4937429428100586	0.25098931789398193
-35.591251373291016	26.111181259155273	8.883132934570312
-30.105880737304688	-19.84440803527832	14.624239921569824
-32.09529495239258	-25.56745719909668	-24.796627044677734
-23.74068832397461	-11.062788963317871	8.057933807373047
-25.07967758178711	-14.823387145996094	-29.215131759643555
-25.063644409179688	-0.9963809251785278	-20.506454467773438
-11.92516803741455	1.5027494430541992	17.88033676147461
19.459228515625	28.64800453186035	-16.81866455078125
21.7624454498291	-30.500469207763672	-15.447896957397461
-1.6896886825561523	11.166397094726562	-0.022955087944865227
20.803001403808594	-21.197782516479492	-17.689374923706055
-25.60115623474121	-5.469601631164551	-20.954055786132812
13.208698272705078	-37.65309524536133	-0.8051819205284119
1.006030797958374	-35.234256744384766	31.474437713623047
0.15875357389450073	13.817160606384277	31.461172103881836
-3.086398124694824	-0.39195895195007324	10.904572486877441
15.45693588256836	-14.675176620483398	-7.972787380218506
16.142732620239258	27.852506637573242	25.69632911682129
-19.747325897216797	-16.001243591308594	21.583049774169922
-34.099205017089844	10.005745887756348	-32.69003677368164
-39.72611618041992	-20.7244815826416	-19.3608455657959
-14.409002304077148	7.125945568084717	-38.94702911376953
5.031036376953125	38.11175537109375	36.069889068603516
3.933319091796875	7.343631267547607	-2.0540151596069336
33.70132064819336	-29.59446144104004	-24.57979393005371
6.409667015075684	-7.743099689483643	37.824745178222656
30.03270149230957	10.544122695922852	-1.852611780166626
3.7266783714294434	-22.716873168945312	19.615629196166992
-3.8986310958862305	-18.281415939331055	13.387362480163574
-25.305612564086914	-38.30024719238281	3.447157621383667
-15.33177661895752	-17.976848602294922	15.327386856079102
2.3559772968292236	-23.003541946411133	10.06721019744873
2.661160707473755	-6.29670524597168	-8.666141510009766
-7.476883411407471	-19.864309310913086	-24.452281951904297
-27.985305786132812	22.999269485473633	-14.234721183776855
23.64432716369629	-9.368892669677734	8.752342224121094
16.39034652709961	-31.069997787475586	-2.0857038497924805
6.557989120483398	-38.69829177856445	-11.191056251525879
8.238066673278809	-9.12548542022705	6.977439880371094
7.911619186401367	26.03772735595703	-12.310208320617676
30.226961135864258	33.81966018676758	10.955992698669434
-18.122953414916992	-7.429118633270264	7.587954521179199
22.87906265258789	13.763930320739746	35.990264892578125
5.4704365730285645	11.224757194519043	17.5715274810791
35.071163177490234	25.001665115356445	-10.49803638458252
6.165015697479248	17.35309410095215	-33.45646286010742
-22.063749313354492	11.348349571228027	37.35429763793945
-0.8418546319007874	27.493228912353516	-35.451595306396484
-38.86491775512695	16.777685165405273	32.381168365478516
-35.64578628540039	-35.08961868286133	-35.65169906616211
-39.25968551635742	21.441333770751953	37.48029708862305
16.76937484741211	-21.529178619384766	9.765981674194336
-15.39368724822998	4.094993591308594	-0.2200722098350525
-36.69158935546875	7.68988037109375	13.851202964782715
5.042509078979492	20.98579978942871	-0.07470802962779999
13.332980155944824	9.425127983093262	-22.062393188476562
-38.16021728515625	-12.780577659606934	-0.9584338665008545
8.504423141479492	-25.489513397216797	22.220321655273438
14.892634391784668	-7.698428630828857	20.122718811035156
-10.30413818359375	-2.4967029094696045	-12.170348167419434
34.48135757446289	-11.111995697021484	27.174930572509766
32.42708969116211	8.197355270385742	35.14179611206055
21.246646881103516	-0.7831770777702332	-33.12168884277344
0.9923610091209412	4.830655097961426	-26.703842163085938
-28.81082534790039	-21.553518295288086	-30.905284881591797
38.34930419921875	16.205400466918945	-13.71491813659668
-32.64573287963867	-4.79072380065918	-14.843318939208984
36.12199783325195	39.459022521972656	-35.984519958496094
-24.091432571411133	-30.744569778442383	-1.0012861490249634
23.05234718322754	-0.7925193309783936	31.50068473815918
20.472457885742188	32.09233093261719	-8.264908790588379
-25.484302520751953	19.351686477661133	-13.965147972106934
10.022754669189453	36.48276138305664	-39.478538513183594
8.253846168518066	16.665428161621094	-20.127391815185547
13.247177124023438	-5.61137056350708	32.844120025634766
2.1520302295684814	-4.774033069610596	21.741544723510742
28.589296340942383	-12.435214042663574	6.577176570892334
-11.484789848327637	2.440486431121826	-18.281373977661133
18.505752563476562	-5.379823207855225	-18.208646774291992
-24.97174644470215	-11.356619834899902	-33.68750762939453
-10.54279899597168	-18.411069869995117	-7.50691556930542
34.12287902832031	-0.5756884217262268	-3.213291883468628
39.695133209228516	-9.932755470275879	-2.693721294403076
16.575557708740234	36.14828109741211	34.883399963378906
-21.447010040283203	-38.20466995239258	-29.039018630981445
-27.9210262298584	-26.01067352294922	-16.26190185546875
-33.34907531738281	-38.69149398803711	11.561604499816895
-25.867700576782227	1.587158441543579	30.90592384338379
-37.30769729614258	-22.675518035888672	-25.660049438476562
-22.89464569091797	-32.00613021850586	-0.7114306688308716
27.7352352142334	-23.14502716064453	-22.208003997802734
-11.506043434143066	30.078935623168945	-15.895308494567871
-20.993906021118164	27.589893341064453	17.753122329711914
4.603112697601318	24.806976318359375	-39.17898178100586
-20.22308921813965	-36.43191146850586	12.331400871276855
-4.944621562957764	-13.507063865661621	27.088205337524414
2.344590187072754	30.30645179748535	-11.476700782775879
39.79168701171875	-23.828998565673828	6.708746433258057
-11.471437454223633	-20.759857177734375	8.835562705993652
5.777860164642334	-10.927483558654785	24.62222671508789
-38.21462631225586	-36.02913284301758	0.13062623143196106
22.793594360351562	-11.959572792053223	-16.42340660095215
17.025375366210938	-28.450572967529297	-31.918418884277344
8.990711212158203	21.124380111694336	35.30281448364258
-36.51352310180664	-4.312852382659912	26.9899845123291
-2.966017723083496	-39.457584381103516	-13.740065574645996
-15.651338577270508	28.13348388671875	-0.07958287000656128
13.10076904296875	-3.6298444271087646	7.644272804260254
13.82524585723877	-6.474438667297363	17.459936141967773
-37.2005500793457	-25.47732162475586	38.07761764526367
-25.582929611206055	25.18305015563965	25.4035701751709
-13.110089302062988	-16.605262756347656	-7.583513259887695
-14.812077522277832	16.27079963684082	29.03058624267578
18.069114685058594	-16.684911727905273	-0.7731282114982605
26.299699783325195	-30.93741226196289	-1.9334162473678589
-11.291889190673828	34.549991607666016	35.995853424072266
-0.6805373430252075	20.23027801513672	33.076866149902344
-24.280588150024414	8.372714042663574	-10.419127464294434
5.604669570922852	-5.566284656524658	-17.89419937133789
13.98824405670166	19.355350494384766	-1.6640585660934448
33.15153884887695	12.01615047454834	31.371423721313477
-38.183860778808594	4.697144985198975	-36.469356536865234
-9.235777854919434	-8.064166069030762	-34.008262634277344
-30.924556732177734	29.760719299316406	34.991546630859375
38.73973846435547	-21.191884994506836	-39.74736404418945
-20.013256072998047	-17.904293060302734	-9.457416534423828
-37.98474884033203	14.015288352966309	37.843082427978516
-33.90340805053711	17.49995994567871	-35.060272216796875
-22.53120994567871	1.9673888683319092	2.792515277862549
-21.172231674194336	-5.370040416717529	26.535015106201172
-22.189788818359375	-36.155731201171875	15.943802833557129
20.771747589111328	33.91469192504883	19.996213912963867
-31.971874237060547	-11.739008903503418	27.03739356994629
-5.079824924468994	34.074951171875	16.24403953552246
20.777055740356445	-0.2910412847995758	32.98189163208008
-31.303409576416016	34.80417251586914	10.624021530151367
-23.036184310913086	-28.810094833374023	-3.4652504920959473
32.4872932434082	13.506513595581055	6.0977463722229
-2.283261299133301	-10.12255573272705	-14.728180885314941
19.09588623046875	27.691287994384766	-28.18267822265625
39.461185455322266	18.603452682495117	-7.599882125854492
32.35515594482422	15.011429786682129	28.7829647064209
29.356870651245117	-33.98468017578125	26.940876007080078
-13.02810001373291	23.24932289123535	34.39712142944336
-6.095667839050293	-8.274632453918457	-39.00467300415039
-16.88228988647461	22.743934631347656	-37.38039016723633
12.399969100952148	-32.07548141479492	26.48606300354004
-39.27289581298828	-12.998685836791992	-35.52405548095703
-15.766894340515137	27.715045928955078	23.367414474487305
32.17591094970703	-1.5767122507095337	-30.6611385345459
1.8655298948287964	-32.627933502197266	-38.738067626953125
-20.884252548217773	17.772470474243164	21.773548126220703
13.211872100830078	24.21041488647461	6.224728584289551
-23.377147674560547	5.548288345336914	19.24481773376465
18.27599334716797	-14.067943572998047	38.328773498535156
-29.395538330078125	7.593662738800049	2.552863836288452
33.16886520385742	20.194353103637695	-22.906681060791016
-22.710979461669922	8.785877227783203	-7.338770389556885
39.27392578125	28.199621200561523	17.105573654174805
28.955955505371094	-12.05474853515625	-33.86053466796875
26.814367294311523	-1.9623345136642456	12.415830612182617
9.411030769348145	-35.67399597167969	-9.681747436523438
38.0912971496582	28.103418350219727	17.601499557495117
-1.1818528175354004	-24.83201026916504	30.383546829223633
-9.603282928466797	-27.843753814697266	12.378833770751953
6.386398792266846	-14.121883392333984	-28.064727783203125
-26.544816970825195	22.90166664123535	31.706981658935547
-11.072454452514648	2.0492491722106934	17.995939254760742
1.8577724695205688	-11.77554988861084	29.237895965576172
-34.75868606567383	-12.568382263183594	-27.7463436126709
33.73760223388672	-1.3199107646942139	-0.773672878742218
36.69660186767578	-29.321666717529297	18.816162109375
19.984968185424805	-35.202701568603516	37.98512649536133
-31.479570388793945	-17.676599502563477	-23.25032615661621
20.3626766204834	-2.1597678661346436	-7.891942977905273
-10.410178184509277	10.12213134765625	39.754661560058594
-19.943082809448242	28.12278938293457	-22.427467346191406
-7.8881635665893555	-36.905025482177734	-31.08311653137207
-4.315196514129639	-0.15491989254951477	-26.870115280151367
-26.198406219482422	-26.3316593170166	22.316192626953125
12.573551177978516	19.433542251586914	38.26919937133789
-33.40208435058594	-14.161545753479004	36.133392333984375
35.40672302246094	-3.759390115737915	-10.397613525390625
31.522470474243164	11.506474494934082	11.46996021270752
-10.798644065856934	-0.4608733057975769	10.139972686767578
15.079679489135742	0.6230105757713318	12.365995407104492
17.76729393005371	-24.07139015197754	-18.421756744384766
23.974851608276367	-37.41852569580078	-13.409187316894531
-11.042243003845215	2.352447748184204	-4.3322434425354
-1.8209890127182007	-0.8285481929779053	-2.897139072418213
38.404266357421875	32.43928146362305	-3.1795566082000732
27.30544090270996	-20.07175636291504	-17.907245635986328
-3.1945247650146484	-9.197025299072266	38.785221099853516
-17.87307357788086	30.12602424621582	-20.033218383789062
5.022226810455322	-15.561781883239746	-3.134371042251587
39.68156814575195	-12.926016807556152	15.642094612121582
9.21939754486084	13.111898422241211	33.24126052856445
-26.366483688354492	39.619144439697266	16.929668426513672
-35.65726089477539	-26.00210189819336	7.046908855438232
-5.756392955780029	3.29845929145813	-32.89564895629883
22.853775024414062	17.25393295288086	-10.795470237731934
-13.616703033447266	-25.850421905517578	-16.260665893554688
32.50591278076172	-28.619060516357422	-6.206541061401367
7.557761192321777	6.5466766357421875	25.368589401245117
-31.34853744506836	36.413352966308594	-19.277925491333008
11.841836929321289	-7.8190083503723145	18.919404983520508
18.447471618652344	3.8476879596710205	37.45502853393555
10.782707214355469	-11.821717262268066	-34.95895767211914
-26.823081970214844	22.168676376342773	7.311000823974609
-21.605060577392578	-37.78281784057617	16.110939025878906
-12.247745513916016	-4.806585788726807	-17.380918502807617
-39.60995101928711	-10.400468826293945	-24.52058982849121
-28.454246520996094	-36.17124557495117	-14.641334533691406
27.97630500793457	12.256010055541992	20.602561950683594
16.916805267333984	19.851770401000977	-18.316871643066406
-15.923965454101562	26.540807723999023	20.406326293945312
22.105318069458008	17.24930763244629	26.097806930541992
-21.37398910522461	12.042601585388184	-24.0848388671875
13.154762268066406	-25.640892028808594	-29.3975830078125
-0.727906346321106	-13.886396408081055	-9.94225788116455
-17.118928909301758	12.5177583694458	-34.09709548950195
-30.04320526123047	-16.308767318725586	6.7505292892456055
-9.44588565826416	26.939523696899414	18.49273681640625
26.932636260986328	30.899629592895508	-18.209585189819336
-27.702627182006836	-6.626630783081055	-7.682034015655518
-24.7495059967041	-6.04517936706543	17.55624771118164
-36.61414337158203	3.6619584560394287	-5.883966445922852
-24.967458724975586	22.693809509277344	16.91563606262207
6.051056861877441	-33.82814025878906	-11.387704849243164
-21.82802963256836	21.722623825073242	-9.101532936096191
17.986106872558594	-27.131988525390625	28.330177307128906
-25.193069458007812	16.899625778198242	2.2202529907226562
26.31200408935547	32.60521697998047	34.61235046386719
-7.3137736320495605	13.21718692779541	7.906373977661133
19.193862915039062	-12.622261047363281	-26.24698829650879
23.648347854614258	31.253881454467773	-26.083908081054688
17.25674057006836	-16.49539566040039	25.741891860961914
22.55591583251953	22.906484603881836	0.02254110388457775
4.865792751312256	19.730545043945312	-37.266929626464844
0.5524644255638123	18.173416137695312	15.72107982635498
-37.23277282714844	3.4248764514923096	28.49355697631836
18.688636779785156	21.85047149658203	39.76002883911133
-21.052465438842773	6.655869960784912	-11.908163070678711
-10.461518287658691	-39.07682800292969	22.955156326293945
-26.486190795898438	-27.710857391357422	23.485986709594727
-39.81608581542969	39.99608612060547	2.621394634246826
31.645145416259766	10.105327606201172	-35.98419952392578
-33.0836181640625	-23.32550811767578	33.74484634399414
-10.829825401306152	19.008617401123047	17.42255401611328
21.6811580657959	30.31998062133789	21.740909576416016
25.80552101135254	-29.16180992126465	23.23172950744629
-1.0924921035766602	29.10422134399414	-15.523282051086426
-33.196372985839844	38.08329772949219	19.55692481994629
21.36316680908203	7.264868259429932	-13.180145263671875
5.624199390411377	4.857336521148682	37.1878547668457
19.18962287902832	-6.067313194274902	-30.371482849121094
-35.8999137878418	12.085020065307617	-27.37865447998047
39.48248291015625	5.014139175415039	37.181880950927734
11.236748695373535	39.10281753540039	39.5997314453125
-14.072623252868652	-18.58061408996582	-35.39808654785156
-29.367753982543945	11.596879959106445	-19.88146209716797
7.982468128204346	-21.852998733520508	-20.473737716674805
-26.006135940551758	-9.072005271911621	19.183061599731445
38.97513961791992	32.824951171875	23.36324691772461
-2.931483745574951	21.796009063720703	-37.482242584228516
-10.755727767944336	-34.83611297607422	38.96604919433594
33.61079025268555	-25.81648063659668	-5.526907920837402
14.518802642822266	-5.663054943084717	-20.997732162475586
28.824831008911133	-38.78132629394531	4.973239898681641
-23.863862991333008	15.272461891174316	-5.36470890045166
8.052273750305176	-26.159774780273438	18.612672805786133
36.417938232421875	-27.82468605041504	-5.482916831970215
30.86018180847168	36.15974044799805	28.886186599731445
34.66709899902344	34.78447341918945	-13.168115615844727
25.62444496154785	-33.909332275390625	39.16759490966797
-38.38196563720703	7.315544128417969	-30.882320404052734
-25.384458541870117	-32.71245193481445	20.73828125
-29.03773307800293	-10.573631286621094	-4.152153015136719
14.123146057128906	4.893248081207275	-16.165292739868164
-35.644134521484375	-31.337020874023438	-36.00542068481445
30.210189819335938	-7.429290771484375	6.009092330932617
-21.45128059387207	15.676849365234375	34.16277313232422
-2.1270885467529297	19.534963607788086	14.269912719726562
27.385839462280273	20.333600997924805	26.9066219329834
-8.923497200012207	-12.72413444519043	18.061655044555664
-0.8041961789131165	-26.38691520690918	-17.128889083862305
-27.450016021728516	-34.97230529785156	-31.707782745361328
36.72031021118164	18.856374740600586	17.498510360717773
-4.556232452392578	2.1502444744110107	-23.451618194580078
18.278522491455078	31.857011795043945	23.43425750732422
-3.8246562480926514	-5.009249210357666	10.081013679504395
-16.503456115722656	-14.908390045166016	27.50919532775879
5.24760627746582	-29.376873016357422	-3.432631731033325
38.99604415893555	5.3921685218811035	-5.417616844177246
3.997818946838379	-2.1693131923675537	29.12262725830078
-24.010908126831055	1.4450621604919434	8.35356330871582
-31.285497665405273	27.343177795410156	-21.60308265686035
-25.853778839111328	3.7416961193084717	32.093040466308594
-18.769298553466797	4.010157108306885	4.037660121917725
-9.639845848083496	-18.71868324279785	-12.805785179138184
-12.316522598266602	10.67215633392334	1.2505240440368652
-5.731317043304443	29.2169132232666	-7.076047897338867
-16.99675941467285	5.593715667724609	39.61600112915039
-16.489683151245117	-6.67279052734375	0.5901059508323669
3.139756441116333	25.286304473876953	-24.410852432250977
24.59347152709961	-7.836240291595459	-18.835247039794922
28.348054885864258	-33.778011322021484	15.638442993164062
-20.214153289794922	10.756537437438965	-31.507183074951172
-37.278690338134766	-15.325878143310547	-16.247032165527344
-24.855445861816406	-4.220160961151123	-38.39340591430664
-37.988792419433594	15.045894622802734	36.57209396362305
14.582383155822754	-19.75194549560547	24.570486068725586
27.975929260253906	0.6750266551971436	29.330793380737305
-14.226012229919434	-0.19382719695568085	31.126373291015625
9.263440132141113	27.852540969848633	23.19073486328125
9.617124557495117	-21.52838134765625	-20.375505447387695
-21.24713897705078	9.313966751098633	39.274192810058594
33.59156036376953	29.1751708984375	-30.15535545349121
-38.44852828979492	6.347707748413086	-7.49101448059082
-2.7179155349731445	5.472140312194824	34.105873107910156
35.37543487548828	14.93616771697998	13.777971267700195
-25.561397552490234	-1.320066213607788	6.063983917236328
-13.49088191986084	19.800607681274414	-3.0072176456451416
-19.159963607788086	35.76911926269531	-30.10169219970703
-27.147624969482422	9.560391426086426	-4.709000587463379
28.60866928100586	21.5338191986084	31.409629821777344
4.5147833824157715	22.72764778137207	-20.341917037963867
30.474533081054688	-6.954259872436523	19.759380340576172
6.5237016677856445	39.44145202636719	14.321369171142578
37.9952507019043	18.53649139404297	-37.06452178955078
19.85503578186035	38.62933349609375	26.9309139251709
-20.244091033935547	-5.228012561798096	-29.806978225708008
-10.6694917678833	1.069551944732666	-3.1607539653778076
3.1251068115234375	38.502281188964844	5.224204063415527
6.169991493225098	13.394416809082031	17.605039596557617
25.12310791015625	11.76349925994873	-14.911886215209961
39.949378967285156	-18.47126579284668	23.9560604095459
-37.97196578979492	-11.954085350036621	4.994226455688477
26.705591201782227	23.87238883972168	-23.70749282836914
-25.26244354248047	27.513540267944336	4.74539852142334
16.731502532958984	-4.592277526855469	22.643341064453125
-34.936805725097656	11.439061164855957	10.474709510803223
-36.31026840209961	1.597879409790039	-6.109992027282715
6.368340969085693	-5.514068603515625	-2.210664987564087
-5.0922112464904785	0.4010747969150543	-19.062475204467773
22.275609970092773	10.541143417358398	-25.59162139892578
20.43741798400879	-34.97819900512695	-5.659951686859131
27.88106346130371	-29.729862213134766	18.792240142822266
34.50138473510742	28.6998348236084	-6.586197853088379
7.084260940551758	7.659880638122559	31.376482009887695
39.00020217895508	8.698549270629883	-10.756925582885742
-24.748674392700195	-25.374862670898438	30.220897674560547
-28.285154342651367	-36.017818450927734	-28.538545608520508
-29.162748336791992	-15.258498191833496	20.79273223876953
23.002595901489258	-16.939016342163086	6.776576519012451
-18.443632125854492	17.099082946777344	28.045135498046875
3.4065041542053223	-1.7683844566345215	-9.645812034606934
12.355982780456543	-33.84537887573242	-32.725154876708984
-9.60412883758545	28.40947723388672	37.95419692993164
38.07881546020508	2.1724278926849365	-21.50923728942871
-4.870368480682373	39.446739196777344	6.418758869171143
8.809163093566895	32.91061782836914	-17.1855411529541
-32.54231643676758	-22.70794105529785	23.055898666381836
-32.73426055908203	39.58509063720703	-5.330853462219238
-6.131660461425781	-0.5986987948417664	24.91927719116211
16.37395477294922	15.300912857055664	10.31238079071045
-34.33695983886719	33.773563385009766	27.328603744506836
1.4934436082839966	-39.34112548828125	14.890122413635254
-6.626198768615723	-21.564023971557617	-37.19923782348633
33.079978942871094	20.01089096069336	5.772822380065918
-32.044677734375	-35.7063102722168	24.332889556884766
0.5880966782569885	-13.263588905334473	-17.576875686645508
-11.110629081726074	5.088300704956055	-35.122039794921875
7.019847869873047	29.679336547851562	-9.264892578125
-8.356327056884766	-5.048873424530029	2.4786219596862793
-6.610658168792725	13.784000396728516	8.278368949890137
5.866216659545898	-34.20680618286133	26.723695755004883
4.213922500610352	14.10929012298584	-30.255495071411133
35.73039627075195	-7.979106903076172	-13.836721420288086
6.962953567504883	31.549577713012695	9.653076171875
-25.188451766967773	-33.642478942871094	-38.905914306640625
4.723349094390869	-9.890912055969238	0.0208412017673254
-10.827869415283203	-3.933161735534668	12.450093269348145
32.19778060913086	-26.631792068481445	-22.767032623291016
39.464046478271484	36.50410842895508	36.16163635253906
-35.78098678588867	-22.902542114257812	-23.1645565032959
-4.8422064781188965	-22.3665828704834	7.408425807952881
18.58803939819336	21.805139541625977	2.594813823699951
-26.09638023376465	7.709068775177002	-4.016747951507568
-39.93238830566406	-14.449288368225098	-2.987792491912842
-7.6956257820129395	31.818830490112305	-20.37279510498047
8.31989574432373	30.6435489654541	-29.01857566833496
-26.249311447143555	-32.18937301635742	-24.89837074279785
-32.00666427612305	24.80445671081543	-11.413246154785156
-16.1260986328125	35.42552947998047	24.807058334350586
-29.011735916137695	-22.01074981689453	23.043073654174805
-23.043920516967773	-9.770533561706543	-19.714641571044922
-23.765642166137695	7.814742565155029	-38.18312072753906
3.573187828063965	12.711287498474121	0.9392827749252319
38.73047637939453	-39.101619720458984	35.194522857666016
21.298023223876953	-3.741800546646118	25.865537643432617
27.14284896850586	10.217964172363281	-3.0832455158233643
-10.39016342163086	13.819599151611328	25.211275100708008
31.545427322387695	-27.89533805847168	13.6719331741333
38.53234100341797	-36.849632263183594	1.0470000505447388
2.862978458404541	1.47641122341156	2.648792028427124
-29.028478622436523	37.518741607666016	7.294695854187012
-36.24373245239258	39.41436004638672	-34.25700378417969
-33.91371154785156	-25.135847091674805	8.211966514587402
38.651981353759766	-25.2832088470459	-5.606490612030029
29.8524169921875	9.490367889404297	37.175079345703125
21.65036392211914	34.51308059692383	35.389808654785156
13.946281433105469	-16.99363136291504	-5.336765289306641
10.11391544342041	-15.765467643737793	39.427494049072266
4.353906631469727	20.63467025756836	7.96921968460083
-33.05739974975586	13.416465759277344	10.02940559387207
3.7606732845306396	-11.691692352294922	6.099292755126953
1.8923277854919434	6.618465423583984	-10.02631950378418
-20.67096519470215	8.163495063781738	35.55633544921875
31.572040557861328	-34.945587158203125	-0.6636804342269897
2.4469544887542725	25.452863693237305	-32.500240325927734
13.030150413513184	25.915727615356445	-5.824218273162842
-1.1121115684509277	39.523406982421875	-3.311821222305298
-17.444055557250977	-27.936185836791992	11.222065925598145
-13.403684616088867	-31.277212142944336	-2.1293997764587402
-36.77078628540039	-34.1871223449707	12.805025100708008
-17.502124786376953	-1.067823052406311	27.635313034057617
36.50465774536133	-6.3907880783081055	-18.887542724609375
-6.738215923309326	36.766143798828125	-10.119853973388672
-35.407596588134766	-39.42729949951172	24.562030792236328
30.23310089111328	-39.00986862182617	-16.880752563476562
-6.127111911773682	7.286839485168457	24.952299118041992
-11.990781784057617	38.48381805419922	-23.519607543945312
-8.392937660217285	-11.433964729309082	32.048343658447266
-24.889734268188477	25.848434448242188	16.180875778198242
26.1695556640625	36.455326080322266	22.564132690429688
28.61249542236328	6.11474609375	-16.24749755859375
-13.459046363830566	-1.127699613571167	-15.690474510192871
35.18273162841797	-7.524175643920898	4.868696212768555
34.56768035888672	-9.223751068115234	-13.778609275817871
-8.531859397888184	-14.595071792602539	7.956528186798096
-39.064727783203125	-13.60848617553711	11.315122604370117
-29.106895446777344	23.87516212463379	-4.136142730712891
-26.274057388305664	-33.53133773803711	-28.617355346679688
-31.058149337768555	27.940824508666992	0.26697227358818054
-13.229729652404785	31.4334774017334	37.98582077026367
-2.315537452697754	24.63358497619629	-25.010042190551758
-26.916492462158203	-16.14162826538086	-10.612476348876953
21.24473762512207	-1.6304110288619995	-30.71958351135254
-35.66423034667969	-5.923367023468018	-5.853474140167236
11.059205055236816	-0.14281471073627472	0.6630127429962158
-35.83441925048828	-34.342159271240234	-27.375030517578125
26.836360931396484	20.54243278503418	-33.03789520263672
-37.388545989990234	-11.086710929870605	37.491477966308594
-38.311702728271484	-11.265634536743164	14.83513355255127
31.73217010498047	33.7899284362793	-32.75654220581055
35.566375732421875	21.390777587890625	32.59498596191406
-17.660661697387695	-33.318023681640625	33.72621154785156
31.215585708618164	31.754297256469727	12.663846015930176
-17.877256393432617	-17.12847900390625	15.738916397094727
-4.831110000610352	-2.953268051147461	6.419710159301758
-6.921302795410156	10.270326614379883	-0.11234279721975327
37.5404052734375	3.931993007659912	39.42731475830078
-13.006511688232422	14.212252616882324	-38.01517868041992
7.548261642456055	3.7744197845458984	-27.45266342163086
-12.999054908752441	-38.39105224609375	-9.990163803100586
-30.35654067993164	25.782703399658203	-30.975679397583008
10.105734825134277	-28.456209182739258	0.1824713796377182
-30.350982666015625	-21.372997283935547	-31.088808059692383
31.547632217407227	27.435625076293945	-1.0002402067184448
-32.73222732543945	9.676151275634766	-38.723243713378906
5.936820983886719	11.217473030090332	6.42681884765625
-33.6961669921875	-8.809011459350586	-26.240262985229492
27.064002990722656	-30.28950309753418	-29.89682388305664
35.43708801269531	-18.97539710998535	9.153335571289062
-36.06544876098633	-1.7903473377227783	-35.760128021240234
21.458223342895508	29.197664260864258	-4.676135063171387
16.977128982543945	19.21255111694336	0.2279665321111679
-38.226173400878906	-16.282800674438477	32.403236389160156
-35.28305435180664	14.219632148742676	-1.9363676309585571
-11.344106674194336	-12.649331092834473	-16.987895965576172
39.06089401245117	5.185217380523682	-6.4832444190979
36.960941314697266	-12.956948280334473	-5.411527633666992
-0.38808324933052063	38.04945755004883	-17.08494758605957
20.009525299072266	-15.004199028015137	-22.55714988708496
-36.99589920043945	13.742887496948242	-12.601334571838379
-29.235532760620117	-4.302352428436279	20.251415252685547
-27.5141544342041	14.482218742370605	-21.671228408813477
-9.12867259979248	-16.110595703125	24.315567016601562
-31.113378524780273	1.1565388441085815	-3.3402984142303467
19.49502944946289	-16.187000274658203	9.5570650100708
-15.00500202178955	17.231637954711914	5.236255645751953
-17.196853637695312	-26.897502899169922	-13.827068328857422
6.652040958404541	-3.3888773918151855	-29.98063087463379
-9.722539901733398	4.631006240844727	7.507844924926758
2.7495408058166504	2.8503928184509277	-20.500953674316406
2.228109836578369	10.780510902404785	-20.90204429626465
29.49972915649414	-16.761507034301758	9.976359367370605
-36.761016845703125	-20.73535919189453	-2.3020265102386475
-12.963876724243164	4.836631774902344	-23.221773147583008
14.38001537322998	10.623611450195312	29.39613914489746
18.578916549682617	-15.020655632019043	-2.563523054122925
-27.372783660888672	21.815507888793945	25.922889709472656
-33.74237823486328	10.503677368164062	38.434791564941406
-37.64297103881836	25.224407196044922	39.48447799682617
-32.4375114440918	3.9483511447906494	-13.314814567565918
-13.433232307434082	-6.2558794021606445	-15.990082740783691
10.358687400817871	6.764773368835449	16.089433670043945
22.52971839904785	12.168190002441406	15.812848091125488
-13.144651412963867	2.2386646270751953	-34.52783966064453
20.263368606567383	-16.650955200195312	0.5735320448875427
-17.252819061279297	10.110548973083496	15.480107307434082
-17.97707176208496	4.152534484863281	7.228000164031982
6.611963272094727	16.987977981567383	-24.924571990966797
-31.504589080810547	-19.819377899169922	11.836116790771484
-22.08365821838379	19.631393432617188	-10.649002075195312
-0.5844939351081848	-24.55236053466797	-4.6964898109436035
22.886314392089844	6.166801452636719	13.840764045715332
10.48139762878418	-32.393985748291016	23.712932586669922
11.477462768554688	-7.839982509613037	-15.910198211669922
-32.101478576660156	24.399599075317383	-16.320417404174805
-36.75217056274414	-20.549549102783203	20.264799118041992
5.926703453063965	-38.3466796875	39.881309509277344
15.708508491516113	14.051495552062988	19.102529525756836
15.880882263183594	-39.503143310546875	22.11675453186035
24.571195602416992	-4.235361576080322	-5.921902179718018
-12.569095611572266	7.061388969421387	-6.380448818206787
25.36773109436035	10.420543670654297	-19.827415466308594
19.120569229125977	1.0495554208755493	7.455954074859619
19.857484817504883	8.51506233215332	10.236990928649902
-18.98617172241211	8.590291023254395	32.468658447265625
5.901557445526123	25.250524520874023	-17.641382217407227
-23.294429779052734	7.908165454864502	-38.64780807495117
11.94794750213623	0.5163356065750122	12.019375801086426
-30.882917404174805	8.796613693237305	-23.28499412536621
-9.518993377685547	-21.379648208618164	15.021541595458984
-9.440194129943848	-4.331404685974121	-24.713069915771484
30.496217727661133	16.166372299194336	6.310041427612305
-32.60214614868164	-25.258573532104492	36.87436294555664
-10.97467041015625	-2.9777328968048096	36.91039276123047
-35.7701530456543	32.73366165161133	32.18650436401367
-36.78807830810547	-30.235261917114258	-35.83737564086914
13.900002479553223	-4.654975891113281	-21.391847610473633
17.78682518005371	31.017709732055664	25.396682739257812
-31.359094619750977	-29.93787956237793	-34.31013488769531
-9.054679870605469	-0.20920109748840332	17.31574821472168
-9.680413246154785	28.294723510742188	-5.302785873413086
-33.27512741088867	-28.97772979736328	27.631582260131836
-24.35003089904785	-4.755009651184082	26.66142463684082
29.732133865356445	20.34124183654785	20.049022674560547
36.20856475830078	-35.46498107910156	32.5858268737793
-16.78023338317871	-37.86863327026367	-34.191062927246094
-0.8125222325325012	9.901885032653809	-24.57908821105957
-3.7576820850372314	-19.09376335144043	6.595578193664551
1.436239242553711	0.6664972305297852	36.715431213378906
6.094481945037842	32.37709045410156	-0.0953747034072876
-0.03770231828093529	-0.09773743897676468	-0.0670769140124321
-0.05894669517874718	-0.015455872751772404	-0.013649821281433105
-0.05899455398321152	0.02831006608903408	0.01893870159983635
-0.07190217822790146	-0.07568217068910599	0.017811603844165802
-0.07436362653970718	-0.03776388615369797	0.022011080756783485
-0.07635588943958282	0.004875164479017258	0.08247435092926025
0.03734682872891426	0.003928428515791893	-0.04224617779254913
-0.051897451281547546	-0.07919575273990631	0.04390730708837509
0.03340686857700348	0.04884050413966179	-0.017409617081284523
0.05835862457752228	0.06389890611171722	-0.03784875199198723
-0.09831514954566956	-0.03440896421670914	-0.06945617496967316
0.05662975832819939	-0.07608622312545776	0.09070013463497162
0.09497061371803284	0.013808122836053371	0.008040505461394787
0.0546099878847599	-0.03236108273267746	-0.05630386620759964
-0.011265884153544903	0.09146352857351303	-0.01767001301050186
0.012083749286830425	-0.09952455759048462	0.03557858616113663
0.0075936028733849525	-0.07044492661952972	-0.07554338872432709
-0.08888944983482361	-0.05784832313656807	-0.07002922147512436
0.07492168247699738	-0.030295031145215034	0.010135178454220295
-0.08312440663576126	-0.05532258003950119	-0.037563346326351166
0.08913341909646988	0.033310666680336	0.01885048672556877
-0.07394258677959442	-0.06246009096503258	-0.02655676007270813
-0.034728676080703735	0.02891281060874462	-0.009613143280148506
-0.06905560195446014	-0.049308840185403824	0.09266793727874756
0.05715295672416687	0.07807476073503494	0.023446565493941307
-0.058246441185474396	-0.08942802995443344	0.03520120680332184
0.008046699687838554	-0.016289865598082542	-0.0904969722032547
-0.024535195901989937	0.02910953387618065	0.019631758332252502
0.008191644214093685	-0.08279505372047424	0.04114628955721855
-0.027675071731209755	-0.021895410493016243	0.005834177602082491
-0.08654572814702988	0.06655696779489517	-0.09524249285459518
0.028037913143634796	-0.041978709399700165	0.0007171417819336057
-0.09149686992168427	0.07562671601772308	0.058168284595012665
-0.05581062659621239	0.058556366711854935	0.014675217680633068
-0.056143924593925476	0.08744138479232788	-0.020418552681803703
0.04690118879079819	-0.08477466553449631	0.04671396687626839
0.01612924039363861	0.027736756950616837	-0.04438148811459541
0.038353562355041504	0.08582597970962524	0.008615938015282154
-0.06871788948774338	-0.008974891155958176	0.07065782696008682
-0.024463217705488205	-0.016628116369247437	-0.006139134988188744
-0.07633014768362045	-0.0354284793138504	-0.023295516148209572
-0.06422413140535355	-0.07648148387670517	-0.013249048963189125
0.0493646003305912	0.0024932832457125187	0.02740686573088169
-0.055275388062000275	-0.07191213965415955	-0.09804291278123856
-0.01921463944017887	-0.07651115953922272	-0.006502686999738216
0.08372911810874939	-0.07231384515762329	-0.00017390625725965947
-0.027767108753323555	-0.09946271032094955	0.09350905567407608
-0.0203161109238863	-0.06745465844869614	-0.0871950089931488
0.03462313488125801	0.08245698362588882	-0.014140251092612743
-0.07541432976722717	0.08027782291173935	-0.059795770794153214
-0.05006211996078491	0.09707926213741302	0.008818422444164753
-0.04039156809449196	0.01507694460451603	-0.027393411844968796
-0.055537693202495575	-0.02882070653140545	-0.05008602887392044
-0.03719896450638771	0.019964413717389107	-0.0019104757811874151
0.01980171538889408	-0.05899564176797867	-0.06247201934456825
0.0034876528661698103	-0.04235152527689934	0.0011436057975515723
-0.06196552515029907	-0.04162370413541794	0.0025781504809856415
-0.01087610051035881	0.05224715545773506	-0.08802983909845352
0.06523100286722183	-0.03909427672624588	-0.09680379927158356
-0.05770371854305267	0.06783441454172134	-0.03742606192827225
0.05733463913202286	-0.07854701578617096	-0.08894293010234833
0.07951181381940842	0.07334631681442261	0.0693257674574852
0.05354032665491104	-0.04522830620408058	-0.08153901249170303
-0.06794147193431854	-0.06712006032466888	0.0290375929325819
0.07292048633098602	-0.04771646857261658	0.008474202826619148
0.01783270388841629	0.043611664324998856	0.002120776567608118
0.050968099385499954	0.08509622514247894	-0.0818106085062027
0.00896446406841278	-0.061981309205293655	-0.06973626464605331
-0.07295437157154083	-0.07184039801359177	0.06930886209011078
0.08358627557754517	-0.023925187066197395	-0.09421524405479431
-0.03569437563419342	0.0430777370929718	-0.021393487229943275
-0.09949489682912827	0.017503982409834862	0.005373992025852203
0.06868000328540802	0.0025755860842764378	-0.08340619504451752
0.08130648732185364	-0.0233469195663929	0.020939335227012634
0.0929805338382721	0.025187665596604347	-0.07282004505395889
-0.08459245413541794	-0.09491578489542007	-0.016865860670804977
-0.004004926886409521	-0.06882227957248688	0.07691872864961624
0.049253612756729126	-0.05419015511870384	0.08065931499004364
0.05724656209349632	0.0020296964794397354	-0.01593964546918869
0.01547805592417717	-0.08702224493026733	-0.0656200721859932
0.013709427788853645	-0.05301356315612793	-0.046897515654563904
-0.052075501531362534	-0.002878006547689438	0.008601441979408264
-0.058298684656620026	-0.0059974477626383305	-0.05375683680176735
-0.0701930969953537	-0.08439955860376358	-0.04607411101460457
0.015903042629361153	0.09612221270799637	0.06963653862476349
-0.05548767000436783	0.0701444074511528	-0.003904373152181506
-0.05521581694483757	0.06862723082304001	0.05342176929116249
0.03388313204050064	-0.07288293540477753	0.08903661370277405
0.04428330063819885	0.04812464118003845	0.07315375655889511
0.004005315713584423	0.07108620554208755	-0.037292368710041046
-0.03805764764547348	0.04581557586789131	0.03758905827999115
-0.05106991529464722	-0.09395956248044968	0.020718645304441452
0.03765622153878212	0.06881845742464066	0.010738065466284752
0.07292648404836655	0.04018603637814522	0.07349246740341187
0.08260779827833176	0.09295105189085007	-0.08217426389455795
-0.05538402870297432	0.04821465536952019	-0.0629720687866211
-0.038510389626026154	0.09583834558725357	-0.08166211098432541
-0.07910814136266708	0.05244069546461105	0.01680082455277443
-0.08190862089395523	-0.07852921634912491	-0.0327429473400116
-0.025859827175736427	-0.0075923725962638855	0.04476521536707878
0.040385302156209946	-0.06513170897960663	0.08609569817781448
-0.012705065310001373	-0.0018475297838449478	-0.09606319665908813
0.06182333081960678	-0.08394569158554077	0.09759614616632462
-0.03556911647319794	-0.08414225280284882	-0.02296621724963188
0.02524309605360031	0.059596363455057144	0.05448704957962036
-0.03220805525779724	0.009056666865944862	-0.08477171510457993
0.04641755297780037	-0.004176792223006487	-0.09669553488492966
-0.020883889868855476	-0.0177727360278368	-0.06700622290372849
0.06284651905298233	0.09680668264627457	-0.08807622641324997
-0.02021810971200466	-0.07232844084501266	-0.07113771885633469
0.03354686126112938	-0.08463067561388016	-0.0084431366994977
0.030199920758605003	-0.03802094608545303	0.043548014014959335
-0.039393190294504166	0.03599241375923157	-0.022354641929268837
0.05802066624164581	0.07854742556810379	0.057593271136283875
0.031275201588869095	-0.024485502392053604	0.003966174554079771
-0.0188651941716671	-0.03158470243215561	0.0565812811255455
-0.07722948491573334	-0.031352199614048004	0.0023274370469152927
0.089723140001297	0.07242774218320847	0.006759007461369038
0.03968171402812004	0.09334474802017212	-0.03258863836526871
-0.03696761280298233	-0.06131419166922569	0.09499548375606537
0.06980832666158676	0.09131632000207901	-0.09794386476278305
0.024403927847743034	0.09550763666629791	0.01724139042198658
0.08396781235933304	-0.0228872150182724	-0.036409273743629456
0.030634868890047073	-0.07408870756626129	0.04539693892002106
-0.09999405592679977	-0.007378022652119398	-0.017594963312149048
0.07452204823493958	-0.0970156267285347	-0.07219623774290085
0.04352384805679321	-0.020263422280550003	0.008116274140775204
0.012503746896982193	-0.04216510057449341	-0.017458755522966385
-0.07329902052879333	-0.013241511769592762	0.04792524501681328
-0.07679232209920883	-0.0427752248942852	0.013635072857141495
-0.08404234051704407	0.030830062925815582	0.0619271844625473
0.01582949422299862	0.05223066732287407	-0.0923323929309845
-0.003753494471311569	-0.09292443841695786	0.008013162761926651
0.06482190638780594	0.03586766868829727	0.0701168105006218
0.06719513237476349	0.04128631204366684	0.010539403185248375
-0.010062886402010918	-0.04047475382685661	0.09426882863044739
-0.047647543251514435	-0.06021881848573685	-0.07913436740636826
0.016240166500210762	-0.07732503116130829	0.02272818237543106
-0.05430607870221138	-0.07277325540781021	0.03141118586063385
0.05693992227315903	-0.09506203979253769	0.07609155774116516
-0.0837322399020195	-0.06362979859113693	0.052688825875520706
-0.038535166531801224	0.09914081543684006	0.006781783886253834
-0.08784487843513489	-0.0338716059923172	-0.015063860453665257
0.07981134951114655	0.0328376442193985	0.01584361493587494
0.022345153614878654	0.06702127307653427	0.03962431848049164
-0.06156947836279869	0.01109257247298956	-0.011328616179525852
0.0381658598780632	0.044612281024456024	0.027484960854053497
0.028506308794021606	-0.050594959408044815	0.03519546985626221
0.05079013854265213	-0.06289531290531158	-0.00789885688573122
-0.057069189846515656	-0.06956607103347778	0.09422826021909714
0.09804757684469223	0.0958106592297554	0.09760040789842606
-0.02663063257932663	0.03771040588617325	-0.03305523470044136
-0.08851316571235657	-0.06006765365600586	-0.017931392416357994
0.007947735488414764	0.08551803231239319	0.06644003093242645
-0.040271878242492676	-0.0889081135392189	-0.0031863751355558634
-0.08246073126792908	-0.047072745859622955	-0.06142571568489075
0.07031034678220749	-0.08111826330423355	0.0316329263150692
-0.06616759300231934	0.08185157179832458	-0.04275005683302879
0.05259881541132927	0.08923708647489548	-0.0788532942533493
-0.02934107556939125	-0.09993674606084824	0.06454921513795853
-0.002189112361520529	-0.09831293672323227	-0.002710015047341585
0.09993209689855576	-0.05823936313390732	0.040724627673625946
-0.0736846998333931	0.028094887733459473	0.08183863013982773
0.0229769479483366	0.06399598717689514	-0.06207215040922165
-0.019338589161634445	-0.028204116970300674	0.008304091170430183
-0.012020277790725231	0.04488609358668327	-0.06851901859045029
-0.07530102133750916	0.02894658036530018	0.04941318929195404
0.06736722588539124	-0.016863511875271797	0.00015267464914359152
-0.0651308074593544	-0.04239923879504204	-0.06132231280207634
0.053246866911649704	-0.0422857329249382	0.06976426392793655
-0.08912564069032669	-0.09753796458244324	-0.0023603602312505245
-0.08775395900011063	0.08936548233032227	-0.0203506201505661
0.08357930928468704	-0.013442890718579292	0.025282248854637146
0.04557371139526367	-0.09066582471132278	-0.035800542682409286
0.01218725647777319	0.03528602048754692	0.02989727444946766
0.010348169133067131	-0.051210932433605194	0.0429944172501564
-0.08873050659894943	0.04899713397026062	0.057115424424409866
-0.06647185981273651	0.019710084423422813	0.08810970932245255
0.09654762595891953	0.00023881308152340353	-0.09074761718511581
-0.03850182518362999	0.09766507893800735	-0.02338087186217308
-0.028593234717845917	-0.08412694185972214	0.049927130341529846
0.09284663200378418	-0.06873299926519394	0.010046279989182949
-0.02281375043094158	-0.019973933696746826	-0.028830094262957573
-0.030982762575149536	0.07944674789905548	0.06809486448764801
0.04310433566570282	0.038687918335199356	-0.02882012538611889
-0.038356147706508636	0.0696471706032753	0.04853833094239235
-0.05337012559175491	0.030775798484683037	0.005404388532042503
0.06766897439956665	0.05458492785692215	0.02028043195605278
0.03551369905471802	0.07209248840808868	0.09248390793800354
0.035390205681324005	0.05993487685918808	0.04563581198453903
0.06450516730546951	0.005138270556926727	0.07008162885904312
-0.04406294599175453	-0.05190207064151764	-0.08562491834163666
0.054136160761117935	0.019812552258372307	-0.04270721971988678
0.09812375903129578	0.046866003423929214	0.06537873297929764
-0.07008112967014313	0.052332960069179535	0.09725235402584076
0.0005879391683265567	0.07506433874368668	0.009989084675908089
0.03682643547654152	0.05195599049329758	-0.08843940496444702
0.06607809662818909	0.0858912318944931	0.03398023918271065
-0.023375649005174637	-0.019282042980194092	-0.021866504102945328
0.017480872571468353	-0.023621369153261185	0.08368346095085144
0.06980177760124207	0.030023150146007538	-0.03670759126543999
0.09571857750415802	-0.03934726491570473	0.0283036045730114
0.05075472965836525	0.07254121452569962	-0.0960765853524208
-0.04722250625491142	-0.02920365147292614	0.0917169526219368
0.06874227523803711	0.05268269404768944	-0.07890746742486954
0.07621712982654572	-0.07177389413118362	0.04424753785133362
-0.05299775302410126	0.0217853095382452	0.01794130727648735
-0.003256650874391198	-0.06595642864704132	-0.06836319714784622
0.08467452973127365	0.0739893689751625	-0.01004586461931467
-0.008265889249742031	0.016368761658668518	-0.09088120609521866
0.04909297078847885	-0.06818433105945587	0.01828048564493656
0.09761311858892441	0.016083378344774246	-0.06065699830651283
0.029518596827983856	0.06465475261211395	-0.04155021160840988
0.04447730630636215	-0.08873143792152405	0.01059466041624546
0.05667225271463394	0.06250599771738052	-0.07522965222597122
0.08721977472305298	0.0038715035188943148	0.06710922718048096
-0.05111367255449295	-0.0898730605840683	0.0901125818490982
0.07954772561788559	-0.03711907938122749	-0.08265155553817749
0.0904722511768341	0.08252811431884766	0.045495063066482544
0.05898858234286308	-0.004766412079334259	0.0451221689581871
-0.00013855204451829195	0.03545751795172691	0.0035002646036446095
0.07253152132034302	0.05982871726155281	-0.0887158215045929
-0.007163223344832659	-0.002634248696267605	-0.049351517111063004
0.06857708096504211	-0.027191990986466408	0.06410716474056244
-0.09306483715772629	0.07805539667606354	-0.02043384127318859
-0.09240476042032242	0.048543766140937805	0.041459355503320694
0.014631940051913261	0.08672995865345001	0.07122113555669785
0.042935390025377274	-0.030557410791516304	0.006351097486913204
0.08426887542009354	-0.03778601065278053	-0.057117562741041183
0.08092581480741501	0.004109080880880356	-0.02666194923222065
0.08232766389846802	0.019012873992323875	-0.09860318899154663
0.07973941415548325	-0.04728899896144867	-0.06226411089301109
0.012923872098326683	-0.09468264132738113	0.0929061770439148
-0.04600231349468231	-0.010819694958627224	0.036915555596351624
-0.08717618882656097	0.0019013956189155579	0.07773265987634659
0.014950274489820004	-0.041691627353429794	0.0860024243593216
-0.04015739634633064	0.03920051082968712	0.07661561667919159
-0.026702171191573143	-0.056412555277347565	-0.012457825243473053
0.06265702098608017	-0.011960831470787525	-0.010822521522641182
0.03383919969201088	0.04459989070892334	0.016673460602760315
-0.08453061431646347	0.050585582852363586	-0.08356370776891708
0.06557298451662064	-0.06562402844429016	0.0498049259185791
0.09649208933115005	-0.03652869910001755	-0.08752765506505966
-0.09090376645326614	-0.016909101977944374	0.0984620526432991
-0.007821895182132721	0.04347033426165581	-0.04513195529580116
0.08912172168493271	-0.005236076191067696	0.08774266391992569
-0.07316872477531433	-0.05903672054409981	0.07611647993326187
0.08981969207525253	0.07646834850311279	0.08900474011898041
0.04166221618652344	-0.028725679963827133	0.0764160230755806
-0.019817374646663666	0.01116787176579237	0.09561210125684738
-0.08282677829265594	0.06384766846895218	-0.0956166610121727
-0.06223869323730469	0.08297261595726013	-0.09842338413000107
0.09861793369054794	-0.06529846787452698	-0.07351073622703552
-0.09465347975492477	-0.007642501033842564	0.03994337469339371
-0.0790451392531395	-0.05213914066553116	0.07664478570222855
0.031801994889974594	0.06754262745380402	0.09879980236291885
0.048404719680547714	0.023910196498036385	0.07576827704906464
0.038402996957302094	0.03999936580657959	0.006554128136485815
0.027117857709527016	0.07088524848222733	-0.04131147637963295
0.07984399795532227	0.026573767885565758	-0.08945004642009735
-0.03687392547726631	0.00880102813243866	-0.08711285889148712
-0.07654299587011337	-0.06537994742393494	0.02006816864013672
0.08123268187046051	-0.0286076869815588	0.02899060770869255
-0.09758569300174713	0.05927610024809837	0.09405970573425293
-0.0076253777369856834	-0.011976074427366257	-0.09004651755094528
0.005114578176289797	-0.0893339067697525	-0.00584846967831254
0.06617077440023422	0.055303409695625305	-0.06447044759988785
0.08241551369428635	0.05336087942123413	0.024968236684799194
0.04868171364068985	0.02135789766907692	0.01018671877682209
0.012600959278643131	-0.035709183663129807	0.09133446961641312
0.011177203617990017	0.08210422098636627	0.0011431663297116756
0.06367271393537521	0.03170590475201607	-0.08398862928152084
0.06299500912427902	-0.006768641993403435	0.013258226215839386
0.008112994953989983	0.0030587275978177786	-0.061643101274967194
0.07981451600790024	-0.07667964696884155	0.041026901453733444
0.07819026708602905	-0.07316221296787262	-0.08168068528175354
0.0963101014494896	0.02786671742796898	0.08153215050697327
0.07351849228143692	-0.05959906056523323	0.05644877627491951
0.05583309754729271	0.011332915164530277	0.016136884689331055
0.03909779340028763	0.06378528475761414	-0.04399337247014046
0.09125718474388123	0.07767854630947113	-0.021701794117689133
-0.014034663327038288	0.02723320759832859	0.06719662994146347
-0.008396298624575138	-0.015047491528093815	-0.03037753701210022
-0.08099895715713501	0.00572759285569191	-0.04085935652256012
-0.09932104498147964	-0.040900979191064835	0.027232576161623
-0.006518069189041853	0.05976087227463722	-0.09035240113735199
-0.02659294754266739	0.05144349858164787	0.010022732429206371
-0.0456339530646801	0.0936833843588829	0.036396607756614685
-0.09924814850091934	-0.09007881581783295	-0.0769912600517273
-0.009270291775465012	-0.004978453274816275	0.06575213372707367
0.010068020783364773	0.0931621789932251	0.07117445021867752
-0.09962296485900879	0.07446605712175369	-0.0024693652521818876
-0.08645183593034744	0.08804131299257278	0.03500998392701149
-0.026422418653964996	-0.07861623913049698	0.007243676111102104
-0.048946116119623184	-0.07510565966367722	0.0520961731672287
-0.03464808687567711	0.0056770481169223785	-0.012676485814154148
-0.07223739475011826	-0.08904796838760376	0.017389409244060516
-0.015534388832747936	-0.004904779605567455	0.045313745737075806
-0.08707840740680695	0.04528072476387024	-0.07528014481067657
-0.06556808948516846	0.03433120623230934	-0.0625004917383194
-0.01828295923769474	0.009106164798140526	0.05450373515486717
0.046746876090765	-0.037570152431726456	0.09160808473825455
0.0003401428693905473	0.006568551063537598	-0.07253611832857132
0.09608680009841919	0.08867945522069931	-0.011229133233428001
-0.07592057436704636	-0.0038235976826399565	-0.009983578696846962
0.06228438764810562	0.06767842173576355	0.020155975595116615
0.012182087637484074	0.03985963389277458	0.010973688215017319
-0.06859636306762695	-0.0911102369427681	0.0369316004216671
-0.04994853958487511	0.04756929725408554	-0.07678728550672531
0.0792931541800499	-0.04216226562857628	0.03967566788196564
-0.0023602538276463747	-0.04152285307645798	0.05884959548711777
-0.018153546378016472	0.041879456490278244	-0.04814654961228371
-0.04383087530732155	0.003008878091350198	0.004136070609092712
-0.02580452337861061	0.022753586992621422	0.039501190185546875
0.07242540270090103	0.008169358596205711	-0.003695806721225381
0.02287798561155796	-0.03068116493523121	0.05208222568035126
0.031832192093133926	-0.04209893196821213	-0.09935611486434937
-0.08485163003206253	-0.026759061962366104	0.00021958562138024718
-0.08244677633047104	-0.051239099353551865	-0.06002270057797432
-0.06390870362520218	0.08222560584545135	-0.03215176239609718
-0.05987983196973801	0.07707732915878296	-0.05358550325036049
-0.08368777483701706	-0.09340699762105942	-0.03434509038925171
-0.04522120952606201	0.03888210281729698	-0.07185319066047668
0.08309315145015717	-0.004910048563033342	0.04344358295202255
0.033873703330755234	0.051046717911958694	-0.03205815330147743
-0.04185986518859863	0.00852592010051012	-0.07108472287654877
0.014690599404275417	-0.035580072551965714	0.05745081230998039
0.08324453234672546	0.04515695571899414	-0.04469204321503639
0.04132897034287453	0.07224145531654358	-0.06421337276697159
-0.04501330479979515	-0.08687296509742737	-0.07613497972488403
-0.08288691192865372	0.03545050695538521	0.06678231060504913
0.004921611398458481	0.07347729057073593	0.07127737253904343
0.07268429547548294	-0.06749315559864044	-0.015568419359624386
-0.0006447393679991364	-0.05932846665382385	-0.050828639417886734
-0.012013154104351997	-0.08037900179624557	-0.055138491094112396
0.016248181462287903	0.035909269005060196	-0.07771922647953033
-0.07300020009279251	-0.06506103277206421	-0.07544233649969101
-0.07225990295410156	0.038338784128427505	0.027498170733451843
-0.040865086019039154	0.05825035274028778	0.02963925339281559
0.09605833142995834	-0.05405767261981964	-0.030967475846409798
0.09219188243150711	-0.09358145296573639	-0.01857324317097664
-33.36276626586914	-14.545353889465332	-0.09235545992851257
18.53880500793457	-20.941740036010742	4.580478191375732
-23.809890747070312	26.441987991333008	26.3807430267334
-1.9638779163360596	-6.183323860168457	-24.13909912109375
-28.960861206054688	0.26638171076774597	-38.39265060424805
7.963590621948242	38.83940505981445	-18.02593421936035
27.353477478027344	-22.81779670715332	39.61854553222656
15.884563446044922	34.118125915527344	-29.870254516601562
-6.15796422958374	-27.80975341796875	-24.99677085876465
-30.086627960205078	1.0008794069290161	12.1801176071167
0.7257845401763916	26.25408935546875	-2.514188289642334
-3.1355745792388916	17.125301361083984	-10.629454612731934
19.131620407104492	-29.186452865600586	-5.928716659545898
-27.681663513183594	-6.645329475402832	9.42142391204834
5.794677734375	29.38283348083496	-7.004206657409668
-5.878691673278809	-11.205348014831543	-38.779815673828125
-30.299758911132812	-14.150525093078613	-14.133838653564453
17.617177963256836	2.8245959281921387	19.769115447998047
-15.317208290100098	-3.030914783477783	30.482257843017578
-32.15517044067383	32.602699279785156	-36.68411636352539
18.36625099182129	19.447004318237305	-13.022733688354492
35.34181594848633	-22.05780601501465	13.715350151062012
6.3748297691345215	26.704816818237305	-28.120187759399414
16.3648624420166	1.01335871219635	23.055967330932617
-21.30682945251465	-23.692718505859375	31.710418701171875
18.027320861816406	23.185592651367188	-3.865830421447754
28.179933547973633	9.367131233215332	-0.3940393924713135
14.447458267211914	-3.341203212738037	32.09284210205078
-24.401123046875	-10.882450103759766	31.04045867919922
32.37733840942383	-35.441192626953125	35.596839904785156
-1.3316514492034912	-30.39942741394043	19.6405086517334
-1.522268295288086	-11.611406326293945	3.4649198055267334
-28.35233497619629	25.25739097595215	-31.625783920288086
-4.474325656890869	38.73173522949219	-35.134769439697266
-34.877559661865234	30.810392379760742	-29.454368591308594
13.59518814086914	-0.5215521454811096	31.83466339111328
13.027300834655762	2.7172253131866455	14.313907623291016
-16.45631217956543	4.339039325714111	-23.142425537109375
-10.546595573425293	26.634002685546875	-39.02631759643555
-32.522403717041016	-7.579606056213379	-23.27106475830078
15.259660720825195	32.97563934326172	-3.4486658573150635
34.07706069946289	-14.075870513916016	20.977169036865234
14.498981475830078	14.050899505615234	-12.9500150680542
9.805112838745117	21.827306747436523	-6.20985221862793
37.51274108886719	12.387517929077148	-21.60935401916504
-23.15237045288086	3.0493180751800537	-13.048707962036133
-31.964534759521484	-8.47081184387207	6.663172721862793
-20.45832061767578	-20.525789260864258	25.740989685058594
11.642173767089844	34.26079177856445	39.245243072509766
-34.71919250488281	-16.236135482788086	12.829036712646484
-3.7497518062591553	13.396705627441406	-39.717628479003906
39.09122848510742	-17.573205947875977	-29.512142181396484
-32.81385040283203	32.672393798828125	-26.47484588623047
-3.58465576171875	21.712905883789062	-4.800095081329346
32.999794006347656	-24.009336471557617	-9.784966468811035
-21.4114990234375	24.934551239013672	21.58518409729004
-39.24864959716797	-27.504175186157227	28.331310272216797
-37.706825256347656	-12.236654281616211	7.450846195220947
-4.614294528961182	-3.5083131790161133	-2.1050658226013184
30.534536361694336	-32.236602783203125	-17.702919006347656
-10.279769897460938	32.84446334838867	29.503286361694336
2.907534122467041	24.884977340698242	12.425848960876465
-14.468766212463379	-0.39638298749923706	27.200471878051758
-36.33457565307617	36.638240814208984	36.73175811767578
16.546245574951172	25.80710792541504	-7.980730056762695
30.95683479309082	31.696277618408203	32.8410530090332
21.894954681396484	14.384319305419922	-15.954875946044922
0.4365246295928955	-14.980664253234863	18.502126693725586
16.838109970092773	-15.591150283813477	31.20935821533203
35.223514556884766	5.388928413391113	-24.253684997558594
3.187148094177246	20.08124542236328	0.5906187891960144
19.822221755981445	3.738126754760742	17.045137405395508
37.29060745239258	-30.847686767578125	19.41539764404297
-3.5501036643981934	4.816120147705078	33.28212356567383
35.67414093017578	-21.70793342590332	19.89886474609375
0.8218817114830017	35.493370056152344	7.45033597946167
-14.022466659545898	38.71320724487305	34.46208953857422
-0.7720361948013306	-7.391496658325195	12.408343315124512
-39.38751220703125	27.00678062438965	-37.332950592041016
-33.49135208129883	31.121984481811523	-27.474708557128906
-24.263900756835938	6.799736022949219	10.010133743286133
8.255389213562012	-11.872411727905273	7.892848968505859
15.642376899719238	27.191537857055664	-9.203020095825195
10.533967018127441	35.81468963623047	-12.568975448608398
-1.4433610439300537	-16.541032791137695	-5.873928546905518
-36.88215255737305	0.4771174490451813	24.483142852783203
8.39458179473877	-1.570302963256836	37.37712478637695
37.98435592651367	22.476865768432617	-23.12709617614746
-34.272579193115234	6.916718482971191	19.354337692260742
11.237688064575195	-27.327205657958984	12.335413932800293
-33.47742462158203	17.862512588500977	27.418869018554688
-2.9166765213012695	1.9487639665603638	35.82038497924805
-18.65920066833496	7.727331161499023	32.57186508178711
19.461528778076172	25.928497314453125	34.18153762817383
2.3206470012664795	-7.581571578979492	31.268224716186523
24.806425094604492	-33.77161407470703	-38.49418640136719
-18.297300338745117	-22.59461212158203	-28.06199073791504
20.746749877929688	34.14835739135742	-2.6429059505462646
3.580345869064331	-30.72983169555664	-38.575538635253906
-12.510414123535156	30.308345794677734	22.103300094604492
-33.12155532836914	-1.9578498601913452	-17.469308853149414
-9.168525695800781	18.97096824645996	19.945571899414062
30.552188873291016	-7.1267805099487305	4.176635265350342
-28.121606826782227	21.638351440429688	6.282403945922852
-32.88301086425781	-34.23493957519531	35.80823516845703
22.271154403686523	-13.461592674255371	-26.18572998046875
30.3909912109375	36.06098175048828	-2.618959903717041
-21.266571044921875	37.778045654296875	-31.43632698059082
19.74414825439453	-7.450737953186035	26.806896209716797
2.0415093898773193	36.864566802978516	-27.160015106201172
-3.5346014499664307	26.773143768310547	25.53001594543457
-33.7129020690918	-23.071565628051758	24.121721267700195
14.083704948425293	-0.12123330682516098	-21.257081985473633
14.55881404876709	-4.101869583129883	-31.051626205444336
36.75324630737305	-14.223804473876953	-23.76521110534668
-3.751605749130249	39.30165481567383	-38.82656478881836
-35.436344146728516	-8.413545608520508	35.301780700683594
20.392719268798828	-3.7650346755981445	26.235797882080078
-32.45945739746094	5.230012893676758	-39.55317306518555
-13.84332275390625	33.13820266723633	9.76828384399414
-33.750972747802734	-39.059532165527344	4.5239338874816895
-12.435262680053711	-37.56026077270508	14.063758850097656
-35.717750549316406	0.5655987858772278	-18.41301727294922
1.6372658014297485	-31.8331241607666	30.847190856933594
9.705670356750488	11.89941120147705	-37.79731750488281
0.9212004542350769	-17.58254051208496	22.906938552856445
4.9781293869018555	-8.583321571350098	-9.781607627868652
33.99075698852539	-6.308186054229736	9.65283203125
27.37857437133789	-16.29020118713379	-31.67839241027832
-7.933464527130127	36.2575569152832	24.83163070678711
25.540706634521484	-11.235163688659668	-31.523799896240234
-31.990583419799805	31.30500030517578	-4.936840057373047
-24.801767349243164	-35.62172317504883	-37.36948013305664
-12.662983894348145	17.967924118041992	-31.058244705200195
0.0484883114695549	24.087787628173828	31.03823471069336
-39.22360610961914	28.481895446777344	35.039710998535156
37.95881271362305	3.5805814266204834	8.950057983398438
31.370994567871094	-38.481346130371094	-25.588144302368164
-7.139099597930908	-29.355632781982422	24.751663208007812
-33.421852111816406	-31.356901168823242	5.537718296051025
24.659692764282227	31.929101943969727	-37.3254280090332
-22.309131622314453	27.858291625976562	-3.1143715381622314
34.98863220214844	5.583926200866699	-12.271499633789062
16.397247314453125	-2.415764570236206	22.780813217163086
6.323392868041992	0.8614825010299683	-30.62067413330078
8.88192081451416	-19.527053833007812	-27.358476638793945
-14.726129531860352	-21.20197105407715	17.028274536132812
36.71903991699219	-28.1358585357666	15.463513374328613
-9.122891426086426	15.890623092651367	16.53443717956543
39.92207336425781	-31.616899490356445	38.36677169799805
29.068923950195312	-14.971329689025879	9.506952285766602
5.430227279663086	-26.63486671447754	-35.24135208129883
-21.162185668945312	29.470748901367188	-9.062653541564941
17.474149703979492	7.950687885284424	25.12211036682129
23.007068634033203	1.2954769134521484	-2.742633104324341
-33.955448150634766	-4.38486385345459	-1.089613914489746
-2.374922275543213	6.4132256507873535	-11.660177230834961
-8.23470687866211	24.020328521728516	-5.2963032722473145
-12.519584655761719	15.434050559997559	29.385250091552734
38.87872314453125	7.831221103668213	26.962997436523438
-12.884156227111816	17.32275390625	22.368783950805664
24.027591705322266	20.94019889831543	30.668132781982422
39.55418014526367	30.837350845336914	-28.019546508789062
20.84690284729004	0.6969669461250305	-1.1316418647766113
-22.3649959564209	-29.130523681640625	14.1353178024292
27.280271530151367	-33.189430236816406	-32.357696533203125
-28.766183853149414	2.371736526489258	-12.573227882385254
-11.289844512939453	16.447975158691406	-30.600929260253906
-31.22875213623047	-24.348655700683594	24.632070541381836
-39.794898986816406	32.098838806152344	17.2647647857666
33.15336227416992	-0.9867970943450928	3.760242462158203
3.03983998298645	-28.667333602905273	-25.018795013427734
-0.47800010442733765	39.41896438598633	-26.141897201538086
-11.429868698120117	24.606029510498047	-24.803634643554688
4.673910617828369	6.505960941314697	26.618877410888672
-11.622339248657227	28.063846588134766	-2.8922579288482666
-10.10932731628418	-37.0910530090332	21.41431999206543
33.215213775634766	-39.27927780151367	-29.77634048461914
-5.697840690612793	-29.619258880615234	-16.44221305847168
11.313286781311035	-32.574459075927734	-20.228403091430664
-1.0730104446411133	-22.260948181152344	19.376020431518555
-9.537074089050293	34.26350021362305	-37.38729476928711
-30.254892349243164	-14.429281234741211	11.186150550842285
34.408203125	-34.37451934814453	10.82720947265625
4.042829513549805	8.865202903747559	-18.297971725463867
-8.179205894470215	19.22280502319336	30.349201202392578
-18.537124633789062	-32.13997268676758	-6.902230262756348
-16.191940307617188	26.16356658935547	3.2465929985046387
8.457826614379883	-4.558838844299316	-16.480915069580078
4.979001522064209	15.113310813903809	1.7877696752548218
4.949909210205078	20.293724060058594	12.080952644348145
36.09468078613281	38.565216064453125	-1.2789615392684937
-7.519278526306152	18.887086868286133	10.174330711364746
35.08879470825195	7.2260894775390625	-5.0531697273254395
-13.070226669311523	-30.730194091796875	37.88190460205078
-29.106576919555664	18.76109504699707	-27.796504974365234
13.38670539855957	38.34870147705078	31.409658432006836
24.452178955078125	-25.62162208557129	-31.110578536987305
-0.3091820776462555	4.5179314613342285	1.7615073919296265
39.2283821105957	-2.048336982727051	-16.29336166381836
-38.046749114990234	22.95977020263672	0.10237333923578262
13.305660247802734	32.905235290527344	37.878658294677734
-4.650658130645752	-23.46154022216797	33.81818389892578
29.81127166748047	7.609930515289307	32.56540298461914
26.019046783447266	37.36808395385742	20.554330825805664
-0.4929037392139435	-35.63890838623047	32.824195861816406
-22.726764678955078	36.44390106201172	-11.115962028503418
23.666332244873047	-36.87022399902344	32.72193908691406
-24.256107330322266	13.851037979125977	-17.482101440429688
24.492666244506836	37.93826675415039	-19.349143981933594
33.78993225097656	-38.0800666809082	-6.312478542327881
23.6513729095459	-9.817117691040039	-34.60668182373047
-20.028392791748047	15.540985107421875	-4.634408950805664
-29.595352172851562	19.909692764282227	-19.862382888793945
-25.18665885925293	-3.5213119983673096	20.04047203063965
39.96026611328125	-38.33564758300781	14.437413215637207
9.171928405761719	31.805723190307617	34.448814392089844
-39.71937561035156	8.5853853225708	-21.80352020263672
23.673084259033203	29.463180541992188	-31.659204483032227
34.967308044433594	-11.641386985778809	-32.59503173828125
4.423321723937988	38.83301544189453	20.75140953063965
32.477787017822266	2.1551668643951416	22.817222595214844
4.481468677520752	-29.726736068725586	-18.462623596191406
-30.082265853881836	21.867450714111328	17.91809844970703
-31.004220962524414	-14.332762718200684	6.34063720703125
-26.575712203979492	25.38223648071289	20.388141632080078
-19.36785125732422	-22.412628173828125	26.232881546020508
-14.836116790771484	-2.9562978744506836	31.20639419555664
-14.89382266998291	39.56441879272461	12.841353416442871
31.37481117248535	18.801769256591797	4.457401752471924
9.652735710144043	0.9008471965789795	30.274057388305664
32.09157943725586	-1.5187610387802124	27.255399703979492
12.82677936553955	-25.588394165039062	22.211223602294922
-22.343076705932617	-8.519214630126953	-16.07159996032715
26.83331298828125	-24.81648826599121	25.60799217224121
-22.389299392700195	-24.400333404541016	6.591123580932617
-6.0288190841674805	8.501413345336914	3.240232467651367
-26.94611358642578	9.632420539855957	38.55485534667969
1.9448415040969849	-32.97007751464844	39.489070892333984
-23.6343994140625	-17.291648864746094	-31.673908233642578
36.59420394897461	32.494815826416016	20.2816219329834
2.998728036880493	-6.138061046600342	-24.152889251708984
-24.779226303100586	-10.968483924865723	1.1616990566253662
-13.553314208984375	-25.06558609008789	-19.88085174560547
22.794923782348633	-34.250274658203125	-25.131895065307617
-28.180622100830078	9.357609748840332	-31.51589584350586
-11.158913612365723	-16.736024856567383	-28.088483810424805
30.03461456298828	-15.869068145751953	-17.343666076660156
34.512847900390625	-11.60489559173584	36.1036491394043
-19.353778839111328	-20.485687255859375	-32.04583740234375
-2.847691774368286	-34.33011245727539	10.091719627380371
-38.160789489746094	7.783193111419678	35.25929641723633
9.102511405944824	6.160828113555908	12.7791109085083
30.124353408813477	16.51585578918457	13.992374420166016
-8.693252563476562	-16.706859588623047	6.442576885223389
-26.069927215576172	9.681960105895996	-30.748767852783203
14.294658660888672	32.79360580444336	-9.086402893066406
-8.805974960327148	-9.551112174987793	-26.468557357788086
12.31316089630127	16.025197982788086	29.165374755859375
37.588287353515625	-32.164031982421875	-37.23329544067383
34.04768371582031	-26.44059944152832	-18.564891815185547
3.17356538772583	31.602453231811523	-31.33844757080078
-32.629981994628906	37.30295181274414	7.653926849365234
-32.60291290283203	11.241304397583008	39.183563232421875
1.6489999294281006	31.164644241333008	12.470882415771484
-10.020347595214844	29.026199340820312	-16.350385665893555
-33.29001235961914	-11.625362396240234	15.573171615600586
10.565887451171875	-28.281370162963867	2.9542033672332764
11.28425121307373	27.87618064880371	24.412235260009766
-24.70076560974121	3.4143178462982178	-11.657708168029785
-5.576481342315674	-11.69450569152832	29.092496871948242
-38.53763961791992	12.277313232421875	-21.516521453857422
-34.01329040527344	-12.796551704406738	-35.54611587524414
-6.071500301361084	25.565160751342773	20.40395164489746
-26.22255516052246	20.421838760375977	37.17757034301758
22.881803512573242	-7.941584587097168	-2.1033451557159424
5.401817321777344	8.346235275268555	14.456294059753418
0.11177410930395126	-25.14403533935547	30.354246139526367
-18.401350021362305	35.573726654052734	29.829126358032227
5.578929424285889	-37.15266036987305	-13.322908401489258
-11.657161712646484	-29.62396240234375	-38.52246856689453
-24.759479522705078	14.067818641662598	-11.783204078674316
16.240249633789062	26.812105178833008	6.052530288696289
4.4490838050842285	25.320756912231445	-28.054155349731445
27.071989059448242	-21.849279403686523	-17.10516929626465
32.6120719909668	-10.135297775268555	0.1861368715763092
-11.050625801086426	12.966155052185059	8.31710147857666
2.1882131099700928	-5.613541126251221	-15.960161209106445
-15.484323501586914	31.668350219726562	-11.879546165466309
27.53343391418457	29.298402786254883	34.20896530151367
37.46843719482422	-39.992069244384766	-28.001596450805664
-31.48697280883789	16.277606964111328	28.64760398864746
31.384870529174805	8.720765113830566	-36.81916427612305
35.8137321472168	2.6228930950164795	7.968877792358398
-34.41536331176758	19.461328506469727	-38.66659164428711
-22.186288833618164	-18.584062576293945	-22.499658584594727
-19.97144317626953	-10.82738971710205	31.562774658203125
-21.08090591430664	-19.040607452392578	-37.99584197998047
29.23418617248535	-6.215438365936279	6.244808197021484
14.872579574584961	22.804706573486328	-16.539791107177734
4.309020042419434	5.982959747314453	-11.902774810791016
22.478532791137695	22.849523544311523	32.213157653808594
-15.563665390014648	13.894158363342285	39.72101593017578
38.171234130859375	-6.686749458312988	10.59804630279541
19.795576095581055	-12.046554565429688	23.493741989135742
-4.371366500854492	-3.834580659866333	-19.86712074279785
8.765510559082031	36.8753547668457	-3.0928823947906494
22.241735458374023	-19.09857177734375	38.63356018066406
28.780654907226562	-15.336296081542969	-27.95328140258789
3.4032719135284424	-28.620922088623047	-16.796001434326172
-14.557806968688965	-31.0745849609375	33.61464309692383
2.753037452697754	6.1631760597229	25.35527229309082
16.216920852661133	3.3400909900665283	28.190494537353516
-39.77252197265625	-19.464147567749023	28.288509368896484
-26.933658599853516	-34.198692321777344	-24.27960205078125
-30.097145080566406	37.34028625488281	-19.820940017700195
-28.385169982910156	-27.978458404541016	13.58920955657959
-33.29286575317383	27.693748474121094	-3.6435043811798096
4.892748832702637	6.1691155433654785	32.965850830078125
-10.677041053771973	27.223831176757812	-14.25471019744873
-15.893816947937012	-24.442794799804688	-28.104476928710938
6.408659934997559	-38.559783935546875	28.583072662353516
-19.770891189575195	33.3995246887207	13.59711742401123
12.693137168884277	-6.365990161895752	-33.92451095581055
-23.242460250854492	2.1823410987854004	-39.345054626464844
14.795165061950684	-22.27450180053711	-5.604884147644043
36.42533874511719	-6.369586944580078	-19.56047821044922
-9.02932071685791	-32.21883010864258	-22.575227737426758
-15.205917358398438	-27.415225982666016	2.844456434249878
-16.162185668945312	26.308307647705078	22.12967872619629
13.887211799621582	-28.92816925048828	-1.520749568939209
-1.6402876377105713	-24.333171844482422	6.063624382019043
-34.13539123535156	12.44910717010498	-8.942286491394043
27.348800659179688	-34.624420166015625	-35.08002853393555
-33.00896072387695	-14.249749183654785	0.44950786232948303
0.993664026260376	3.2505831718444824	36.16259765625
-3.2992424964904785	6.020254611968994	4.513113498687744
-31.701099395751953	10.21507453918457	-2.3974127769470215
-34.38816833496094	-8.514457702636719	-36.82250213623047
-12.067997932434082	-20.31650733947754	-7.6195902824401855
-23.106855392456055	18.441015243530273	-34.682769775390625
17.718061447143555	14.5101318359375	-37.74372863769531
-39.45450210571289	17.732206344604492	38.12470245361328
34.175228118896484	-12.110936164855957	-21.08307647705078
8.352458000183105	-19.93999481201172	-3.2360386848449707
0.5978001952171326	20.201662063598633	9.94073486328125
3.874704599380493	11.95691967010498	-6.464108467102051
21.36705207824707	9.93787670135498	0.09836693853139877
-26.2060546875	-24.494678497314453	-3.4109737873077393
-25.317554473876953	-4.807171821594238	-12.264768600463867
34.36945724487305	11.425689697265625	13.907477378845215
-22.138980865478516	-9.149092674255371	-36.62663650512695
21.49494171142578	6.824161529541016	-31.298051834106445
0.23379828035831451	7.753276348114014	-9.168773651123047
-11.101768493652344	18.069257736206055	6.2312421798706055
-9.928450584411621	2.668565511703491	-30.930307388305664
10.804028511047363	18.983667373657227	23.564661026000977
22.625484466552734	35.48081970214844	29.545000076293945
-18.655967712402344	-2.577153444290161	12.743485450744629
25.519071578979492	24.83000373840332	-13.182997703552246
-27.15727424621582	-19.88318634033203	26.331310272216797
0.14659196138381958	-37.65732192993164	-39.07891082763672
-33.09577560424805	-29.23415184020996	-38.920162200927734
-39.14131164550781	37.274898529052734	-13.77131462097168
27.3099365234375	-25.61779022216797	19.312273025512695
23.804973602294922	35.46473693847656	0.005130332428961992
3.497818946838379	-34.64970016479492	-7.1041460037231445
38.36347961425781	19.559219360351562	1.7300975322723389
15.431058883666992	24.546966552734375	30.153478622436523
-38.61711120605469	4.850570201873779	-20.79398536682129
38.477657318115234	27.194869995117188	21.635974884033203
-24.186355590820312	20.720970153808594	16.783876419067383
9.986968040466309	26.830768585205078	-25.206716537475586
4.187270164489746	-26.89639663696289	15.300500869750977
24.442794799804688	1.2647761106491089	0.43985310196876526
34.09688186645508	31.94906234741211	24.565143585205078
20.073286056518555	-37.164608001708984	26.510374069213867
-4.464210033416748	-33.484554290771484	-32.4935417175293
2.4304230213165283	-14.923306465148926	-25.010095596313477
18.245100021362305	23.242233276367188	-7.276411056518555
26.93426513671875	18.519723892211914	-20.254741668701172
-26.7857723236084	-22.058910369873047	31.089513778686523
28.437610626220703	9.639460563659668	0.014748123474419117
16.526931762695312	8.097197532653809	-34.688331604003906
-10.036389350891113	4.277695178985596	37.060630798339844
-36.965087890625	-35.19863510131836	-8.585034370422363
30.672382354736328	-15.842690467834473	-29.652694702148438
-26.80038070678711	-1.8893173933029175	3.7600786685943604
-19.654144287109375	-6.712215900421143	-8.464675903320312
-38.42500686645508	21.795671463012695	17.78433609008789
-35.90516662597656	20.054283142089844	-32.676788330078125
-19.602296829223633	6.505930423736572	-21.03566551208496
-39.77816390991211	-35.900150299072266	-29.36937713623047
-38.89350509643555	19.652963638305664	-31.75050926208496
23.818199157714844	-39.07511520385742	13.971503257751465
-8.202186584472656	38.302852630615234	36.386451721191406
8.802925109863281	-29.876510620117188	-15.683570861816406
-25.81810188293457	27.591175079345703	-21.64692497253418
-9.9032564163208	29.49223518371582	21.80656623840332
39.43878936767578	22.938100814819336	-13.237164497375488
-27.164968490600586	8.482555389404297	34.994415283203125
0.1592179834842682	13.634845733642578	5.871941089630127
-4.6842732429504395	16.86104393005371	-25.664409637451172
36.0017204284668	20.71529197692871	20.80958366394043
27.809654235839844	10.512744903564453	-20.69304084777832
-1.4720206260681152	-3.3357958793640137	31.276681900024414
32.90846633911133	-33.53622817993164	-18.175567626953125
-23.73426628112793	36.02295684814453	8.70014762878418
-24.21029281616211	-30.894865036010742	-34.9736213684082
34.50984573364258	23.6995906829834	-3.2998688220977783
7.072784423828125	-21.588701248168945	-11.398517608642578
16.570945739746094	38.2435302734375	17.817054748535156
22.345548629760742	-17.700990676879883	12.64407730102539
27.759218215942383	3.9082961082458496	-1.2062156200408936
27.969240188598633	-13.94678020477295	14.512649536132812
-27.43433380126953	19.850971221923828	-25.079999923706055
-11.735079765319824	-6.020099639892578	-30.429615020751953
-27.57489776611328	-22.06089210510254	-33.72130584716797
35.947872161865234	25.56410789489746	19.368810653686523
-33.63861083984375	36.26803970336914	28.2076416015625
6.448756694793701	25.62459945678711	-29.895118713378906
-33.02539825439453	-10.321929931640625	15.327169418334961
14.044914245605469	-23.085437774658203	12.471424102783203
7.504333972930908	-16.16400909423828	16.96304702758789
-25.934532165527344	11.386261940002441	5.270262718200684
18.530445098876953	32.425228118896484	20.576608657836914
-19.62860679626465	14.443953514099121	-18.918397903442383
27.435596466064453	-39.282108306884766	4.593336582183838
25.70347785949707	-32.11793899536133	-14.767169952392578
17.597694396972656	12.738755226135254	-38.85240173339844
22.15512466430664	-10.148632049560547	-37.52971267700195
38.35829544067383	27.48044776916504	-22.99485206604004
27.07840347290039	10.644518852233887	-31.92945098876953
-34.01853942871094	-34.51095199584961	25.94895362854004
9.502598762512207	-29.661819458007812	-22.43522834777832
0.07386068254709244	-36.50711441040039	15.289422035217285
17.987869262695312	-34.2891845703125	-36.87436294555664
27.27615737915039	6.935640335083008	-4.8125152587890625
9.208796501159668	30.86963653564453	-28.191396713256836
-7.048102378845215	34.520050048828125	-5.323779582977295
-17.543310165405273	9.671792030334473	-14.249999046325684
26.4484920501709	-38.68490219116211	38.61623001098633
15.823477745056152	20.119190216064453	2.8151087760925293
29.171648025512695	39.80018615722656	-18.402748107910156
26.578161239624023	7.8894782066345215	-5.486924171447754
-36.01118469238281	-2.6984267234802246	-16.48570442199707
16.53018569946289	28.47496223449707	-39.648990631103516
38.16266632080078	39.25706481933594	18.71588134765625
-32.24513626098633	4.1404008865356445	-11.105974197387695
-8.160441398620605	-22.893814086914062	31.286155700683594
-33.02404022216797	11.215385437011719	37.657447814941406
-22.922740936279297	-1.4216527938842773	35.36544418334961
21.443134307861328	39.28597640991211	14.338220596313477
28.322147369384766	-32.377986907958984	5.9623847007751465
1.7841705083847046	-21.248807907104492	-30.826509475708008
-27.051143646240234	35.07906723022461	-11.261709213256836
-1.942086100578308	15.274723052978516	32.319820404052734
-14.752487182617188	-39.729183197021484	5.733241558074951
18.593738555908203	-17.486820220947266	-18.727678298950195
39.28467559814453	-23.146404266357422	28.27914810180664
-31.507795333862305	11.933748245239258	31.274324417114258
-24.022808074951172	35.098445892333984	4.332515239715576
24.70090675354004	-24.501253128051758	0.6270280480384827
-23.23660659790039	-17.3920841217041	1.1613086462020874
-36.148109436035156	16.585262298583984	-3.834486246109009
-10.770696640014648	6.839391231536865	25.628738403320312
-23.2357177734375	25.630855560302734	-37.27311325073242
-13.470895767211914	7.551390647888184	-31.513574600219727
-22.11012077331543	11.306288719177246	-29.103609085083008
-21.677873611450195	-19.385107040405273	32.073204040527344
12.599947929382324	-39.10505676269531	2.5880346298217773
39.65096664428711	-1.0785443782806396	13.755391120910645
-13.680447578430176	12.466216087341309	33.452693939208984
38.5168571472168	32.36642837524414	-19.621137619018555
12.191278457641602	35.90706253051758	-34.92502212524414
-4.058765411376953	19.97514533996582	-29.46031951904297
7.2730712890625	4.3446502685546875	-2.983780860900879
12.908498764038086	27.032875061035156	-12.281213760375977
-35.938385009765625	23.679431915283203	-16.0989933013916
6.98227071762085	-39.26384353637695	-3.8565971851348877
-6.538164138793945	-23.67093276977539	22.275527954101562
25.35406494140625	16.7595157623291	-31.005573272705078
27.776987075805664	37.274662017822266	12.664555549621582
-24.150039672851562	29.742143630981445	1.316406011581421
36.41872024536133	36.356143951416016	25.788944244384766
15.682168960571289	2.656646490097046	-27.238845825195312
-24.071374893188477	-23.974008560180664	-10.452195167541504
-38.00474166870117	-7.447568416595459	-3.0797054767608643
-18.785686492919922	-38.80197525024414	-36.16758346557617
16.793777465820312	27.33342742919922	-37.27849578857422
-26.832128524780273	7.813178062438965	-12.153038024902344
-25.486303329467773	-15.71064281463623	1.258685827255249
-0.8177268505096436	-2.1725752353668213	32.072914123535156
11.540336608886719	15.419140815734863	-19.80118179321289
29.355178833007812	-30.239418029785156	9.75903606414795
18.787471771240234	-26.93448257446289	-26.73525047302246
9.51907730102539	0.5248348712921143	39.955101013183594
-34.30812454223633	14.660981178283691	-23.27654266357422
34.76646041870117	28.582252502441406	-9.28571891784668
-17.59230613708496	14.659067153930664	-32.2068977355957
-29.8010196685791	-5.568544864654541	24.90806007385254
27.20773696899414	-33.91010284423828	6.512612342834473
29.381698608398438	-20.21571922302246	-9.706795692443848
9.721370697021484	22.237171173095703	34.46273422241211
5.994405269622803	-29.151718139648438	-31.48818016052246
-31.383573532104492	-10.756218910217285	15.660202980041504
-16.10452651977539	-22.163009643554688	14.765421867370605
-33.25861358642578	38.28766632080078	9.467995643615723
30.731246948242188	-25.22269058227539	5.379607200622559
19.13585090637207	35.29841232299805	-13.305985450744629
2.6668477058410645	-13.022880554199219	31.80928611755371
24.97151756286621	-36.77895736694336	-27.397010803222656
-9.706993103027344	-34.49843215942383	35.892642974853516
-2.2097368240356445	-23.570356369018555	-36.24304962158203
-38.040767669677734	12.643200874328613	35.089542388916016
25.290449142456055	23.40755271911621	-39.31100082397461
-16.25164222717285	-34.929710388183594	11.84269905090332
-3.132911205291748	-23.357254028320312	-30.20709800720215
28.507413864135742	24.896759033203125	-7.075577735900879
-10.475142478942871	30.493045806884766	17.504648208618164
31.376667022705078	35.85527420043945	-18.795101165771484
-25.66454315185547	-8.109378814697266	-8.64197063446045
33.92616653442383	10.465219497680664	29.38207244873047
23.826013565063477	27.935813903808594	16.708606719970703
25.536758422851562	4.377335548400879	39.96259307861328
27.412336349487305	11.653861999511719	37.48169708251953
-38.52268600463867	-2.4419338703155518	11.030349731445312
-23.03059959411621	19.19474983215332	-29.244186401367188
-35.742618560791016	-21.459163665771484	11.761582374572754
-9.620572090148926	1.9547736644744873	-9.334101676940918
27.226608276367188	-21.29326057434082	5.994055271148682
-19.99336051940918	26.11294174194336	-10.729024887084961
-6.341399669647217	33.65497589111328	-38.46443176269531
-33.412906646728516	19.059879302978516	32.0012092590332
-10.122594833374023	23.047868728637695	21.83649253845215
-33.746116638183594	-26.384788513183594	-20.53481101989746
14.24085807800293	-9.878560066223145	-35.07449722290039
5.69238805770874	30.38557243347168	-34.111576080322266
24.945070266723633	-29.419954299926758	14.362367630004883
6.010156631469727	39.283451080322266	-27.178489685058594
29.22110939025879	4.988404273986816	-15.574979782104492
29.254117965698242	32.606475830078125	-7.159178733825684
35.93428421020508	4.506657600402832	-15.790992736816406
22.570098876953125	-27.701353073120117	37.977691650390625
-12.078089714050293	-14.185032844543457	7.202895641326904
-38.34077835083008	-4.155624866485596	7.77816104888916
-19.028409957885742	-6.518218517303467	-7.447829723358154
-30.064138412475586	-14.387885093688965	33.66961669921875
-14.140681266784668	-22.143728256225586	-29.378803253173828
-25.967151641845703	13.165397644042969	-7.0652899742126465
19.310983657836914	12.282563209533691	-39.96092224121094
9.87913703918457	-13.13390064239502	-24.456100463867188
-16.397178649902344	-23.55766487121582	-2.7168192863464355
-37.87602233886719	29.93677520751953	4.5364990234375
11.439343452453613	-8.516728401184082	-7.7815985679626465
-0.5027903318405151	14.504571914672852	-38.35338592529297
4.984404563903809	28.218847274780273	-28.604585647583008
-14.340140342712402	-31.60035514831543	-14.307488441467285
-13.950429916381836	-6.222745418548584	4.3579020500183105
8.971543312072754	34.86103439331055	-9.982161521911621
-17.363183975219727	-35.790916442871094	-2.2988712787628174
-16.720182418823242	36.66280746459961	12.133890151977539
21.623416900634766	9.283308029174805	-9.680477142333984
1.3524826765060425	30.65132713317871	-9.983296394348145
39.07533264160156	25.351276397705078	-10.438874244689941
-8.945199012756348	6.365854740142822	-15.306571960449219
20.918418884277344	35.73667907714844	-4.992491722106934
-35.08342742919922	16.359783172607422	-39.98333740234375
34.494293212890625	31.482566833496094	-28.887296676635742
-5.126059055328369	5.367116928100586	29.203582763671875
20.522254943847656	-24.480459213256836	28.659130096435547
-20.384979248046875	-20.572744369506836	-5.9246087074279785
8.739764213562012	38.4503059387207	-20.957656860351562
-3.6651201248168945	-13.00122356414795	19.085664749145508
23.004655838012695	-32.104759216308594	-33.6221923828125
37.17634963989258	-37.116058349609375	25.51021385192871
-24.07355499267578	17.15148162841797	-38.53170394897461
15.778926849365234	-23.638669967651367	-4.111181735992432
-28.086959838867188	26.990570068359375	-37.00994110107422
7.9660773277282715	6.502097129821777	34.022056579589844
-17.374900817871094	-35.36752700805664	-9.292718887329102
15.495197296142578	-34.08592224121094	-14.263036727905273
-18.56623649597168	1.6932913064956665	17.283510208129883
15.057604789733887	-24.750761032104492	-3.8336939811706543
33.33332061767578	-32.773250579833984	15.553268432617188
30.502195358276367	-14.801786422729492	-33.79118728637695
-11.215921401977539	3.3117740154266357	-2.3103020191192627
11.180261611938477	6.244549751281738	31.143274307250977
6.422207832336426	18.38180160522461	14.851993560791016
17.42530632019043	2.456688404083252	39.12791442871094
-36.03392791748047	21.843006134033203	24.92177963256836
38.549560546875	3.216170310974121	12.360904693603516
5.443876266479492	11.168294906616211	-7.191072940826416
13.47071647644043	14.636807441711426	-0.8824449777603149
9.568000793457031	18.110376358032227	4.412324905395508
28.011655807495117	25.784969329833984	-32.034950256347656
-33.7440185546875	7.7955217361450195	16.38437843322754
11.523834228515625	-3.87947940826416	9.274600982666016
-20.82375144958496	2.0531809329986572	13.504530906677246
25.451841354370117	1.2792972326278687	3.761090040206909
8.811177253723145	-33.825523376464844	12.11345386505127
26.682323455810547	15.987403869628906	-39.58464050292969
2.7116239070892334	-12.481496810913086	12.199394226074219
-6.89213752746582	0.754176676273346	-5.326481342315674
1.4506323337554932	-38.870521545410156	-10.543008804321289
39.98541259765625	20.017776489257812	7.342182636260986
15.471203804016113	12.270136833190918	-12.178153991699219
25.133174896240234	-37.563358306884766	-11.881070137023926
-15.574666023254395	18.63974380493164	-29.297224044799805
27.237648010253906	-5.265503883361816	7.414176940917969
36.9376335144043	-7.122352123260498	-34.45828628540039
17.503917694091797	-7.443830490112305	7.262667179107666
-33.42667770385742	30.58550262451172	-24.233545303344727
-0.0080447131767869	36.85570526123047	35.31623077392578
-29.932586669921875	17.547000885009766	-10.41659927368164
-34.343143463134766	17.62145233154297	-5.7651238441467285
22.030759811401367	-23.30034065246582	33.92621612548828
20.45513916015625	5.118255138397217	-25.516231536865234
6.769148349761963	17.434911727905273	19.513896942138672
34.16426086425781	18.345918655395508	-26.028274536132812
0.500762939453125	33.29225540161133	-29.743816375732422
-16.67576026916504	-9.330513954162598	-38.96296691894531
8.630242347717285	27.272228240966797	32.736785888671875
36.855228424072266	27.239986419677734	-11.292312622070312
26.135589599609375	-11.911072731018066	0.8551303148269653
-20.085224151611328	19.554113388061523	-22.823068618774414
-26.96647071838379	12.98263168334961	-34.54608917236328
-12.598345756530762	-23.007518768310547	32.73750686645508
30.346786499023438	-39.71699142456055	-7.517321586608887
36.960994720458984	0.3101291060447693	38.63523864746094
24.978614807128906	-19.628122329711914	4.073494911193848
-29.420719146728516	-18.377119064331055	16.733867645263672
-7.279544353485107	26.603374481201172	36.71101379394531
-24.395950317382812	0.9068161249160767	-3.115839958190918
-26.91392707824707	31.789329528808594	-20.44774055480957
-18.803207397460938	-2.2262117862701416	6.404708385467529
-12.54983901977539	2.6220710277557373	-26.420795440673828
17.49416732788086	2.0354137420654297	32.780555725097656
-20.927734375	-24.914758682250977	18.217060089111328
-5.712487697601318	-18.88347625732422	15.22282886505127
-37.79146194458008	-13.559630393981934	-10.871143341064453
18.246349334716797	-5.537363052368164	-33.42069625854492
22.69591522216797	28.189224243164062	21.71695327758789
7.906589508056641	-25.382905960083008	-37.9268913269043
21.103065490722656	-28.483924865722656	4.540595531463623
-12.85156536102295	7.821230888366699	9.941343307495117
-5.940410137176514	-16.496490478515625	20.604164123535156
35.59975051879883	-39.09312057495117	-1.1601612567901611
-26.853618621826172	-23.689722061157227	-33.89019775390625
22.495351791381836	22.979373931884766	18.066574096679688
27.69254493713379	29.940521240234375	-11.93671989440918
3.000023365020752	20.429540634155273	-33.24668884277344
2.32596755027771	-21.273401260375977	-24.419679641723633
-20.45658302307129	1.6454206705093384	-30.158777236938477
17.916976928710938	5.182805061340332	-17.77928924560547
-35.59792709350586	1.98369300365448	35.03125
-34.7580451965332	30.51181983947754	-28.133981704711914
6.231963157653809	-4.147596836090088	-26.626693725585938
14.50772476196289	22.441665649414062	39.0200080871582
37.928016662597656	27.942214965820312	-19.8366641998291
29.815187454223633	-36.19068145751953	23.601911544799805
-21.49675178527832	-19.474695205688477	-14.397253036499023
-31.72747230529785	-7.496336460113525	-9.918599128723145
-24.256689071655273	-7.480623245239258	-30.04399299621582
15.50373649597168	-22.88060760498047	17.92776107788086
19.091230392456055	-8.767034530639648	-26.508777618408203
-6.2566022872924805	-2.334662675857544	-36.73777770996094
32.28183364868164	15.073738098144531	-21.072298049926758
-6.782781600952148	19.185466766357422	16.458885192871094
10.516491889953613	2.1367483139038086	21.304553985595703
-3.1061439514160156	-23.282228469848633	-7.85107421875
-1.360949993133545	11.525444030761719	6.936548233032227
10.57282829284668	28.8314151763916	25.91571807861328
-31.45508575439453	-5.212214469909668	-12.742547035217285
-37.933963775634766	15.219564437866211	28.092519760131836
37.6980094909668	-4.440323352813721	-11.347997665405273
16.51961898803711	36.074188232421875	5.941342830657959
27.654069900512695	12.05289077758789	15.92587661743164
-6.561437129974365	23.884750366210938	-19.58424949645996
-36.3729362487793	34.591800689697266	36.556236267089844
-0.5937944054603577	36.95918273925781	-8.084689140319824
-27.36591148376465	38.137542724609375	-15.241240501403809
0.8293175101280212	35.43061065673828	0.06755251437425613
0.036107443273067474	-0.012862948700785637	-0.07250367850065231
-0.04117745906114578	-0.05082635581493378	-0.05309271067380905
0.002629645401611924	0.03971365466713905	0.08584339171648026
-0.07200977206230164	-0.06831656396389008	0.09088418632745743
0.03231652453541756	0.0825277790427208	0.025928886607289314
0.05752478539943695	-0.009805559180676937	0.07088997960090637
-0.0038257285486906767	-0.06637434661388397	-0.03334697335958481
-0.06540635228157043	0.02220519445836544	0.07083074003458023
-0.09230318665504456	-0.05409078672528267	0.01950540579855442
0.005758288782089949	-0.013422821648418903	-0.015475953929126263
0.06910257786512375	-0.09972270578145981	0.06339211016893387
-0.020718896761536598	-0.0490054115653038	-0.09201232343912125
-0.09091203659772873	-0.02747929096221924	0.09051748365163803
0.013393440283834934	-0.027022289112210274	0.07745781540870667
-0.07907824963331223	0.095907062292099	0.039743319153785706
0.0440552718937397	0.00941083300858736	0.07331616431474686
0.07928098738193512	0.027458952739834785	-0.005126200616359711
0.08340778946876526	-0.04600027948617935	0.09138011932373047
0.06672027707099915	0.08696310967206955	-0.08577719330787659
0.07934800535440445	-0.08035435527563095	-0.08420173823833466
-0.07117828726768494	0.09979867935180664	0.07154092192649841
0.022442882880568504	-0.042757004499435425	-0.0792882964015007
0.0954279974102974	0.08713401854038239	0.00031526386737823486
0.01512767095118761	0.09893143177032471	0.07749644666910172
0.018829870969057083	0.04947766289114952	-0.0155035937204957
-0.09171886742115021	-0.015375950373709202	0.000634474738035351
-0.018589716404676437	-0.054457955062389374	0.04087229073047638
-0.0031311996281147003	0.08311451971530914	-0.08349181711673737
-0.08357921987771988	0.011554044671356678	0.055762648582458496
0.05701388791203499	-0.017001809552311897	0.07383440434932709
-0.09611646085977554	0.07332319766283035	-0.03562851995229721
0.039983004331588745	-0.05975533276796341	-0.07393521815538406
-0.0253883209079504	-0.012218082323670387	0.021703330799937248
-0.08520827442407608	-0.011217706836760044	-0.034702595323324203
-0.06766624748706818	-0.03604087606072426	0.05634312331676483
0.0486672967672348	0.03262901306152344	-0.023409593850374222
0.06431017071008682	0.013997548259794712	0.0733485072851181
-0.01745612360537052	0.009651578031480312	-0.0025177830830216408
0.02638424001634121	-0.0002142453595297411	0.053998857736587524
0.08502738922834396	0.033700574189424515	-0.04377586767077446
-0.061149563640356064	-0.04883421212434769	0.017856495454907417
0.005933254957199097	0.03644902631640434	0.05236281454563141
0.02323651686310768	-0.08093629777431488	-0.031927213072776794
-0.05952759459614754	-0.08372131735086441	-0.02240639179944992
0.028339343145489693	0.04349163919687271	-0.05001699551939964
0.06943095475435257	0.06922104954719543	0.06127025932073593
-0.02510039135813713	0.07047450542449951	-0.012928158044815063
-0.025423141196370125	-0.02357158437371254	0.05679238587617874
-0.08123746514320374	0.08639061450958252	0.08898895233869553
-0.026407800614833832	-0.002580299973487854	0.06968994438648224
-0.06928712129592896	0.07987435907125473	0.016445714980363846
0.08602382987737656	-0.09463264793157578	-0.09755140542984009
-0.032915182411670685	0.09829765558242798	0.08463306725025177
-0.050014764070510864	-0.07801326364278793	-0.06963992863893509
-0.021426718682050705	0.085627980530262	-0.060802824795246124
-0.08934743702411652	0.09355604648590088	-0.051293909549713135
0.07049541175365448	0.09827673435211182	0.08044759184122086
-0.03047281503677368	-0.0459330677986145	0.04230118915438652
0.0931267961859703	0.013991856016218662	0.0619959682226181
-0.09107586741447449	0.09152117371559143	0.06579563766717911
0.0663025751709938	-0.09410029649734497	-0.08205384761095047
0.005886539351195097	0.004509901162236929	0.08044880628585815
-0.03381100669503212	0.006489056162536144	0.0007084704702720046
-0.08501099050045013	0.06723877787590027	-0.042460568249225616
0.06208886206150055	0.01229694951325655	-0.0017092477064579725
-0.057900212705135345	-0.07835353910923004	-0.05510825663805008
0.021561000496149063	-0.02701226994395256	0.04384131729602814
-0.08270274102687836	-0.04993792995810509	-0.057027820497751236
-0.006664979737251997	0.050025541335344315	0.07468540966510773
0.053226519376039505	0.06299447268247604	0.06773772090673447
-0.012238104827702045	0.049333035945892334	0.015622337348759174
-0.03829534724354744	-0.09585393965244293	-0.015388678759336472
0.003444154979661107	0.07767641544342041	0.020875073969364166
-0.015584063716232777	-0.0776844397187233	0.05330551788210869
-0.03737466782331467	-0.012882834300398827	0.02532220259308815
-0.035904400050640106	-0.06663881242275238	0.01344924233853817
-0.019579319283366203	-0.059632863849401474	0.032849181443452835
-0.09340689331293106	-0.045560210943222046	0.02960159070789814
0.0028571351431310177	-0.055553823709487915	-0.08261246234178543
-0.09178531169891357	-0.012812824919819832	0.03235320746898651
0.004263793118298054	-0.07153259962797165	-0.023218322545289993
-0.013253217563033104	-0.03646564111113548	0.007289096247404814
0.08665883541107178	0.0048074969090521336	0.06054188683629036
0.05546509847044945	0.040382515639066696	-0.022501343861222267
0.0231897234916687	0.05991717427968979	-0.08959124237298965
0.03946390748023987	-0.020242396742105484	0.047161441296339035
0.08412676304578781	-0.03128989040851593	0.0333508625626564
-0.019650835543870926	0.057479795068502426	-0.06631951034069061
-0.06415335834026337	-0.02331733889877796	0.008554833941161633
0.07069206237792969	0.05065126344561577	0.03210965916514397
-0.06966544687747955	0.016123663634061813	-0.017193378880620003
-4.2628867959138006e-05	-0.0024585993960499763	0.03641544654965401
-0.05212392657995224	-0.05629668012261391	-0.019303562119603157
0.005784834269434214	-0.08654920011758804	0.06694623082876205
0.04480453208088875	0.07675009220838547	0.016756074503064156
0.07364848256111145	-0.012861774303019047	-0.01366396527737379
0.04275202751159668	0.026659060269594193	0.09344532340765
-0.0665186196565628	0.03404311090707779	-0.07082943618297577
-0.018248675391077995	0.08415184170007706	-0.05338338389992714
0.017541291192173958	-0.09886588901281357	0.05304938927292824
-0.07009198516607285	0.0026711628306657076	0.057539112865924835
-0.06358689069747925	0.09809209406375885	-0.06830402463674545
-0.018405597656965256	0.04772473871707916	-0.00037382502341642976
-0.07871447503566742	-0.013583238236606121	0.06020664796233177
0.029655078426003456	0.0651666596531868	0.04418943077325821
0.09322680532932281	0.02466764487326145	-0.03345199301838875
0.02868722192943096	-0.07138927280902863	0.018799560144543648
0.04998587444424629	-0.027036139741539955	0.08830519020557404
-0.018978435546159744	0.07948153465986252	0.06326695531606674
0.04493282362818718	0.09470533579587936	0.08846605569124222
0.06227799504995346	-0.03552456572651863	0.03833005577325821
-0.0634676143527031	0.04007445275783539	0.05882915109395981
-0.08606960624456406	-0.0830255001783371	0.007177254185080528
0.025800099596381187	-0.07957929372787476	-0.0148762296885252
0.02794969268143177	-0.024002525955438614	-0.058870937675237656
-0.0076045505702495575	0.08932394534349442	0.07979382574558258
-0.009761033579707146	0.06719227880239487	0.08677229285240173
-0.09664677083492279	0.04162360727787018	0.04678216204047203
0.0486375093460083	0.0070040239952504635	-0.060559842735528946
0.05340327322483063	0.027381129562854767	-0.07226016372442245
0.03001793473958969	0.03370065614581108	-0.0894584134221077
-0.005247802939265966	-0.017419062554836273	0.01289465744048357
0.06615739315748215	0.07344982028007507	0.08145095407962799
0.017322426661849022	0.056896649301052094	0.033480651676654816
-0.028018804267048836	-0.06010010093450546	-0.07525309920310974
-0.052537642419338226	-0.0853956788778305	-0.06665976345539093
0.00508048664778471	0.07874476909637451	0.06726206094026566
0.011250047944486141	0.09627139568328857	-0.07888781279325485
0.0358206108212471	0.013715852051973343	0.057400528341531754
0.08371856063604355	-0.0019412426045164466	0.0699128806591034
0.04605633020401001	-0.08682136982679367	0.05882896110415459
0.06512477993965149	-0.09514238685369492	0.0067837657406926155
0.008254778571426868	-0.08307676017284393	-0.023121820762753487
-0.09957192093133926	0.06132965907454491	-0.05459655076265335
-0.003445342415943742	-0.07552355527877808	-0.023463653400540352
0.04330682009458542	0.09147434681653976	-0.03439875692129135
-0.03280963376164436	0.016007641330361366	0.06652425974607468
-0.05056387931108475	0.0789514109492302	0.0812840610742569
-0.051304928958415985	0.050659749656915665	0.09907180070877075
0.005095810163766146	-0.07509484142065048	0.006230682600289583
0.0908888578414917	0.004847575444728136	-0.03763981908559799
-0.04875723272562027	-0.06955298036336899	-0.06772072613239288
0.0701291486620903	-0.030101390555500984	0.09114159643650055
0.08436986804008484	-0.09906300157308578	0.052729226648807526
0.0009970703395083547	0.03494448959827423	0.004521215800195932
-0.07670895755290985	0.0023941672407090664	0.05565425753593445
0.08907278627157211	-0.04975594952702522	0.059397581964731216
-0.06276282668113708	0.07077402621507645	0.06725134700536728
0.0978134498000145	-0.08163101226091385	0.09937388449907303
-0.07472113519906998	0.0060213105753064156	0.05431029200553894
0.07277517020702362	0.014881251379847527	-0.07012205570936203
0.08304892480373383	-0.049219124019145966	0.09097686409950256
0.0711040049791336	0.04009484127163887	-0.02180214412510395
-0.08190736174583435	-0.039221618324518204	0.06415264308452606
-0.09579549729824066	0.0005002999096177518	0.09265035390853882
0.028619488701224327	-0.056911930441856384	0.004476713947951794
-0.04054827243089676	-0.07227412611246109	-0.021406983956694603
-0.06067192554473877	-0.08801991492509842	-0.09400594234466553
-0.010825669392943382	0.01594066247344017	-0.03214047849178314
0.07883568853139877	-0.06025798246264458	0.08710355311632156
0.08110065758228302	-0.07506582885980606	0.06642104685306549
-0.08605416864156723	-0.023149536922574043	-0.05076133459806442
0.053875330835580826	-0.04678162932395935	-0.09927133470773697
-0.08992520719766617	-0.09965843707323074	0.06045093014836311
-0.008949930779635906	0.09797196090221405	0.07978759706020355
0.0852668434381485	-0.01018211804330349	0.03371034190058708
-0.08007296919822693	-0.013189109042286873	0.01669340394437313
-0.04292367771267891	-0.08423390984535217	-0.050694916397333145
-0.0018068493809551	-0.038147199898958206	-0.09755813330411911
-0.041351597756147385	0.008698088116943836	-0.04031567648053169
0.01783396117389202	-0.07106181234121323	-0.02567574940621853
0.06473762542009354	0.06314291805028915	-0.075508251786232
0.051922768354415894	0.09871668368577957	-0.047217343002557755
-0.03514000400900841	-0.07232439517974854	-0.0013918414479121566
0.0148645443841815	0.04734184220433235	0.056037310510873795
-0.08143351972103119	0.0943414717912674	-0.08151640743017197
-0.05025176331400871	0.024812765419483185	-0.09566451609134674
-0.09912761300802231	0.05193295702338219	0.07100877165794373
0.03631201386451721	-0.07922765612602234	-0.01775057427585125
-0.03789268806576729	-0.013702942058444023	-0.04398319870233536
0.044169459491968155	0.0764324963092804	0.06955300271511078
0.01466861367225647	0.0891873762011528	0.056540265679359436
-0.07867445051670074	-0.05360548570752144	0.06687995791435242
-0.09627124667167664	-0.08529207855463028	0.05098477378487587
-0.08637168258428574	-0.08934247493743896	-0.08874694257974625
-0.04698838293552399	0.06609397381544113	0.026621785014867783
-0.008880296722054482	0.0010527604026719928	-0.03994131088256836
-0.02407977357506752	0.008856426924467087	0.045330412685871124
-0.07208816707134247	-0.002968481043353677	0.04742557927966118
0.04442964494228363	-0.07840215414762497	0.0247537549585104
0.0012697427300736308	-0.06373883783817291	0.013148431666195393
0.03626859560608864	-0.02489863894879818	-0.04979684576392174
-0.03872404247522354	-0.02702735923230648	0.041233647614717484
-0.0435246042907238	0.021661238744854927	0.05021480470895767
0.030762486159801483	-0.0012794312788173556	0.07850268483161926
-0.05749310553073883	-0.023844895884394646	0.07670862972736359
0.038658808916807175	-0.024449395015835762	-0.006427860353142023
-0.0789635181427002	0.07435161620378494	0.05660754442214966
0.060794174671173096	0.07712201029062271	0.017349764704704285
-0.07908206433057785	0.09594390541315079	0.041051771491765976
0.05724010244011879	-0.09333653748035431	-0.08501560240983963
0.07214509695768356	-0.04754158481955528	-0.07287117093801498
0.021676290780305862	0.08678340166807175	0.07683977484703064
-0.05531621724367142	-0.006412754766643047	-0.07149622589349747
-0.08675183355808258	0.07958109676837921	-0.08102282136678696
0.04471103101968765	-0.051963452249765396	0.09257103502750397
0.07468588650226593	-0.011587193235754967	-0.05089017003774643
-0.05437689274549484	0.002787969307973981	0.09061911702156067
0.02494291588664055	-0.012769311666488647	-0.09716523438692093
0.0016620169626548886	-0.06898429989814758	-0.025243468582630157
0.08980055898427963	-0.0015701794764027	0.09375908225774765
-0.04902292788028717	-0.025129428133368492	-0.09638981521129608
0.09133631736040115	-0.05940396711230278	0.04671989381313324
-0.05810907483100891	8.069497562246397e-05	-0.019284294918179512
0.005403817165642977	-0.03624647855758667	0.09071319550275803
-0.03954878821969032	-0.03558606281876564	0.012430962175130844
-0.057128358632326126	-0.02619626559317112	0.07759468257427216
0.04122070223093033	-0.023388177156448364	0.0727577805519104
-0.0567220039665699	-0.019299540668725967	0.015705062076449394
-0.039432842284440994	-0.019953981041908264	0.09624513238668442
0.07272864133119583	0.009277797304093838	-0.027363087981939316
-0.0821620374917984	-0.02541540190577507	-0.06810654699802399
-0.0670623630285263	-0.005514312069863081	0.08134081214666367
0.05414966493844986	0.042855601757764816	-0.029062477871775627
-0.07546281069517136	-0.0540834479033947	0.008266457356512547
-0.04659094661474228	-0.01528538390994072	-0.04554291069507599
-0.024619555100798607	-0.0962102934718132	0.04211904853582382
-0.04503709450364113	0.04282282665371895	0.06779040396213531
-0.0017762313364073634	0.006877243518829346	0.029701905325055122
0.025359107181429863	-0.026060989126563072	0.029961125925183296
-0.09418179839849472	-0.048660144209861755	-0.03521271422505379
-0.036571845412254333	0.07489604502916336	0.060512129217386246
-0.0036239090841263533	0.050592321902513504	0.07663509249687195
0.04377329722046852	-0.08200579881668091	-0.055167775601148605
0.0016418059822171926	-0.05430324748158455	-0.0032969017047435045
-0.08530771732330322	0.08237333595752716	-0.03552154824137688
-0.01464164163917303	-0.09134829044342041	0.07819640636444092
0.09063144028186798	-0.018232667818665504	0.016946082934737206
-0.05259959027171135	-0.02490207925438881	0.07861965894699097
0.048450496047735214	0.0014974729856476188	0.007902818731963634
0.019799714908003807	-0.00817246362566948	-0.010968307964503765
0.08592113107442856	-0.024845393374562263	-0.022236879914999008
-0.05100556090474129	0.059580154716968536	0.04648201912641525
0.008531112223863602	-0.0493498258292675	0.036732837557792664
0.08273988962173462	0.05091148242354393	0.04189202934503555
-0.017354119569063187	0.0953996405005455	0.024586129933595657
0.09711061418056488	-0.05535800755023956	-0.05315098166465759
0.046541232615709305	0.027555666863918304	-0.07163744419813156
-0.04745369777083397	0.08347980678081512	0.046272218227386475
0.01746351271867752	0.01759970188140869	-0.057180870324373245
0.032501231878995895	-0.028200019150972366	0.041880108416080475
-0.07413331419229507	0.02375018782913685	0.08709540218114853
0.015745406970381737	0.018747957423329353	0.07516703009605408
0.06659075617790222	0.0002631824172567576	0.0675923228263855
-0.0800219476222992	0.08277804404497147	-0.013391667976975441
0.09305767714977264	-0.05133224278688431	0.08006786555051804
-0.0871046632528305	0.04008666053414345	0.00442500552162528
0.019464092329144478	-0.047223981469869614	-0.05442733317613602
-0.06478790938854218	0.01637987792491913	-0.005067961290478706
0.0550321526825428	-0.02874740958213806	-0.09727958589792252
0.014397973194718361	-0.09637372940778732	0.06752374023199081
0.07031425833702087	0.07330229133367538	-0.08479388803243637
0.019483502954244614	0.023235106840729713	0.03318416699767113
-0.06356457620859146	-0.05884962156414986	0.043021928519010544
0.03863807022571564	-0.04276329278945923	-0.010520496405661106
-0.031045392155647278	0.0018052427330985665	-0.04174843430519104
-0.053669173270463943	-0.03924660012125969	0.08128708600997925
0.08294190466403961	-0.014986489899456501	0.072880819439888
-0.027113694697618484	0.0022857801523059607	-0.027437729761004448
-0.024675311520695686	-0.03714339807629585	-0.08309172838926315
-0.056322939693927765	0.016568051651120186	-0.0688108429312706
-0.05573810264468193	0.024560723453760147	0.09916902333498001
0.026247503235936165	-0.05961813032627106	-0.0012087287614122033
-0.06115225702524185	0.060356829315423965	-0.05708792060613632
-0.06694774329662323	0.06573646515607834	-0.0981498509645462
0.0008679663296788931	0.07295463979244232	-0.08339213579893112
0.06597766280174255	-0.02856387011706829	0.0012856911635026336
-0.08928116410970688	0.07564162462949753	-0.04295048490166664
0.06509696692228317	-0.019457481801509857	-0.055605337023735046
-0.08959771692752838	0.09792705625295639	-0.06675074994564056
0.07670893520116806	-0.0491618849337101	-0.013740995898842812
-0.08435257524251938	-0.02004009112715721	-0.08239322900772095
0.03874235227704048	-0.0370255708694458	-0.04678373783826828
0.05433390662074089	0.058327022939920425	0.019003333523869514
-0.07262447476387024	-0.0312509685754776	0.09242280572652817
-0.07249895483255386	0.07859619706869125	-0.04365190863609314
0.060663700103759766	-0.028018470853567123	-0.03495478630065918
-0.06183289736509323	-0.05459776148200035	-0.051582515239715576
-0.0497838631272316	-0.013710207305848598	-0.027062878012657166
-0.08778780698776245	0.00970639381557703	0.026527997106313705
0.05939248204231262	-0.02654188685119152	-0.059575315564870834
0.06960564851760864	-0.05433829873800278	-0.010126372799277306
0.04347693547606468	0.06550551950931549	-0.05533558875322342
0.09810543060302734	0.06951818615198135	-0.00018167882808484137
0.07795102149248123	0.08364758640527725	0.05296163260936737
-0.07595262676477432	-0.07905691862106323	-0.07042201608419418
-0.052162762731313705	0.09790197759866714	0.024054784327745438
0.036809612065553665	-0.0014575120294466615	0.035899773240089417
-0.09190507978200912	-0.07120690494775772	0.07673420011997223
-0.026196980848908424	0.020955774933099747	-0.017697833478450775
-0.054632291197776794	-0.06659609079360962	0.061542004346847534
-0.08232970535755157	-0.08291371911764145	0.047719478607177734
-0.09614473581314087	-0.04074911028146744	0.03497089445590973
0.07428478449583054	-0.06724907457828522	-0.08422531187534332
-0.024497931823134422	-0.03733412176370621	0.04511529579758644
-0.07468640059232712	-0.07282186299562454	0.0856366977095604
-0.033575527369976044	0.08311855792999268	0.08148254454135895
0.004436695948243141	0.0554787740111351	-0.09955562651157379
0.016643842682242393	-0.06833431869745255	-0.04566745460033417
-0.050583161413669586	-0.009262030944228172	-0.038486775010824203
-0.09313130378723145	-0.09289070963859558	0.053348761051893234
-0.09365037083625793	-0.07059267908334732	-0.08800989389419556
-0.014857975766062737	0.03305819258093834	0.05389389023184776
0.05106469988822937	0.04942161962389946	0.07458371669054031
-0.09373307228088379	0.08289345353841782	0.04510519653558731
-0.07863423228263855	0.08082495629787445	-0.0510321669280529
-0.07035224884748459	0.06067435443401337	0.0882800817489624
-0.06748222559690475	0.028409447520971298	0.08289743214845657
0.08853829652070999	0.07710269093513489	-0.011906757950782776
0.01693754270672798	-0.06589378416538239	-0.05556294322013855
-0.05500011146068573	0.05057451128959656	0.08287212997674942
0.05078693479299545	-0.048570118844509125	0.06341272592544556
0.027278242632746696	0.0887330174446106	-0.009893717244267464
0.02296450361609459	0.05349596589803696	-0.06928490102291107
0.0023689656518399715	0.03584171086549759	-0.09710466861724854
-0.06561442464590073	-0.0017516176449134946	-0.0031742241699248552
0.08083812147378922	0.08307183533906937	-0.0484750010073185
0.07736873626708984	0.011953302659094334	0.09550823271274567
0.03129896894097328	0.07025448232889175	-0.09705803543329239
-0.06958512216806412	0.048329807817935944	0.08249214291572571
0.014560384675860405	0.09485042840242386	0.03675894811749458
-0.05824113264679909	0.055413104593753815	0.06884461641311646
0.08865062892436981	0.09752562642097473	0.06663558632135391
-0.09467819333076477	0.07317660748958588	-0.0875474363565445
0.0691981315612793	-0.02168329618871212	0.06335288286209106
-0.09013265371322632	0.023937592282891273	0.00281237019225955
-0.07470366358757019	-0.04580054432153702	-0.07117963582277298
0.07900180667638779	0.0005409276345744729	0.0693587139248848
-0.07832762598991394	0.0626152977347374	0.016373630613088608
0.025530120357871056	-0.010752447880804539	0.011332778260111809
0.05629408359527588	0.04863373935222626	-0.010982392355799675
-32.20102310180664	23.09902000427246	27.007640838623047
38.16611099243164	-11.019769668579102	-15.321106910705566
10.768623352050781	33.825199127197266	-12.529455184936523
-4.15069580078125	-10.869926452636719	-26.6949520111084
-27.64234161376953	-33.562198638916016	-11.189340591430664
33.279232025146484	-34.7765007019043	12.680910110473633
4.629966735839844	-37.637447357177734	1.192521333694458
-6.530343055725098	-29.939746856689453	-4.687657833099365
-4.017156600952148	10.852347373962402	23.347749710083008
0.21994246542453766	-5.698990345001221	26.448345184326172
34.692893981933594	12.894021987915039	-26.845617294311523
-38.90620040893555	11.61881160736084	12.333243370056152
2.809908390045166	6.7880096435546875	-37.47275161743164
25.07193374633789	22.925310134887695	-38.42398452758789
-11.946609497070312	9.247421264648438	-21.164945602416992
-8.825216293334961	38.41059494018555	-3.001702070236206
-19.18622589111328	-33.77170181274414	3.4072561264038086
-23.6590576171875	17.026052474975586	24.335323333740234
34.79287338256836	23.4980525970459	33.32939529418945
-29.460384368896484	-35.292545318603516	-32.45734405517578
-18.226768493652344	23.16409683227539	11.677436828613281
37.550025939941406	4.700222492218018	-22.914180755615234
-31.47687339782715	36.033935546875	-1.9654892683029175
-27.944496154785156	7.806751251220703	4.086750030517578
-3.9857006072998047	4.940893173217773	2.3521902561187744
32.37876510620117	0.5068507194519043	19.444477081298828
13.730672836303711	-37.618507385253906	-1.6397533416748047
-27.71782875061035	20.86347198486328	20.67454719543457
12.221314430236816	-1.1278536319732666	-16.674726486206055
39.14406967163086	-24.796344757080078	-21.73461151123047
30.04966926574707	13.87356185913086	32.59255599975586
-23.642789840698242	-8.188722610473633	-5.160638332366943
32.41081619262695	-26.26209831237793	21.400671005249023
28.958032608032227	9.962098121643066	28.833621978759766
21.328166961669922	5.793079376220703	22.272829055786133
-11.636773109436035	2.292185068130493	-36.37660598754883
-8.522811889648438	-32.46070098876953	8.272469520568848
6.708635330200195	-38.64013671875	-34.461883544921875
-23.580917358398438	30.129947662353516	-21.062458038330078
-19.13263511657715	37.99563980102539	22.59709930419922
-8.458854675292969	30.39708137512207	-5.274229526519775
27.558284759521484	-15.240472793579102	21.641023635864258
-25.552194595336914	35.9991569519043	15.100357055664062
12.42617416381836	-18.462997436523438	-36.27322769165039
-39.28030014038086	3.8811004161834717	38.13982009887695
34.20620346069336	34.16033172607422	-20.863895416259766
-27.42548179626465	-15.215486526489258	-13.358003616333008
19.562990188598633	7.205618381500244	-36.15305709838867
-22.097810745239258	17.82815933227539	-34.57481002807617
-22.487045288085938	-4.889686584472656	-20.890960693359375
-25.410417556762695	7.471117973327637	5.662006855010986
17.45027732849121	35.524723052978516	-0.22180365025997162
18.51957130432129	-28.200456619262695	-19.099733352661133
-13.344504356384277	28.955448150634766	-19.533567428588867
-36.07295227050781	3.743816614151001	-13.620414733886719
34.39517593383789	2.6409051418304443	11.314996719360352
-39.96931838989258	4.13379430770874	-8.500476837158203
-34.10213851928711	-2.9081761837005615	24.3332576751709
7.519224166870117	-24.531755447387695	-0.515805721282959
27.347808837890625	12.578588485717773	-5.1098527908325195
30.967472076416016	14.843633651733398	-29.57430076599121
-24.31498908996582	-16.63127326965332	-31.804853439331055
33.87869644165039	-33.97794723510742	16.65182876586914
2.67012882232666	27.305673599243164	32.35636901855469
-13.801200866699219	-22.266324996948242	-38.567447662353516
17.682870864868164	21.143402099609375	-32.43880081176758
34.634273529052734	-1.08974027633667	-19.844680786132812
1.4390308856964111	13.91026496887207	27.553375244140625
11.94018268585205	17.678422927856445	-15.117594718933105
29.613252639770508	9.205248832702637	-0.6047683358192444
20.1986026763916	0.11639273166656494	-37.03376388549805
26.986387252807617	16.567852020263672	35.836944580078125
-16.857580184936523	-26.95557403564453	17.096839904785156
-4.1011481285095215	20.373075485229492	-23.640451431274414
34.90519714355469	-29.58444595336914	34.17256164550781
-19.610559463500977	-5.053035259246826	33.36262512207031
29.021709442138672	16.724319458007812	0.2621581554412842
-39.99892044067383	5.991394519805908	34.39484786987305
-2.1178689002990723	-2.945918321609497	26.633657455444336
-3.9293389320373535	16.03006362915039	-26.429237365722656
1.3926060199737549	26.040599822998047	-38.34269714355469
-5.65538215637207	-13.528536796569824	-28.639297485351562
-4.924384117126465	-8.294178009033203	-37.09543991088867
-8.726542472839355	-26.167430877685547	20.916297912597656
27.367950439453125	-0.2662126421928406	-14.971990585327148
13.89016056060791	-7.242937088012695	-36.19670486450195
1.477901816368103	30.373477935791016	-38.97526168823242
35.24637222290039	28.386869430541992	34.15943908691406
-3.940722942352295	21.12019157409668	-31.35115623474121
-36.00410079956055	10.940482139587402	21.799755096435547
1.8916276693344116	-16.86164093017578	5.971564769744873
5.734575271606445	3.6890244483947754	16.572540283203125
38.371883392333984	39.17938995361328	26.05933952331543
-34.742427825927734	-35.63801574707031	20.282649993896484
-39.25587844848633	-38.66581726074219	32.76594924926758
15.93092155456543	6.308258533477783	16.97812843322754
-27.76663589477539	-21.379148483276367	37.2332649230957
18.313058853149414	-3.5206780433654785	-28.528518676757812
28.586626052856445	20.722379684448242	-15.745955467224121
-7.812558174133301	19.419179916381836	-4.575730323791504
39.16179656982422	38.97696304321289	35.20164108276367
-4.792324542999268	-32.45431137084961	3.4435172080993652
-10.710765838623047	5.392147541046143	-34.56400680541992
-15.070734024047852	1.836540699005127	20.985427856445312
4.919418811798096	23.571178436279297	-24.538436889648438
9.344823837280273	-13.866612434387207	29.610034942626953
9.393350601196289	31.79326057434082	-13.366973876953125
22.145801544189453	-12.174030303955078	-25.66351890563965
20.986549377441406	-26.128942489624023	34.79467010498047
-23.703542709350586	35.859519958496094	-8.334665298461914
-27.601160049438477	34.6159782409668	11.682503700256348
39.29730224609375	25.19049644470215	30.179668426513672
13.315442085266113	12.167044639587402	-21.192880630493164
22.83182144165039	31.5919132232666	-13.754850387573242
-31.4033203125	-12.388738632202148	-3.475311756134033
-3.0134806632995605	4.751014232635498	39.26499557495117
15.24045467376709	32.703277587890625	-33.195560455322266
36.662147521972656	11.493274688720703	-26.031496047973633
18.182485580444336	5.392210483551025	6.4494099617004395
-10.026525497436523	-17.26078987121582	-13.202104568481445
18.831336975097656	-14.758049964904785	38.28497314453125
0.23443961143493652	-9.763561248779297	19.589696884155273
13.249374389648438	33.34733963012695	-38.40464782714844
-8.047196388244629	-11.374163627624512	27.04640769958496
-32.97585678100586	-2.7705788612365723	37.1716423034668
12.280064582824707	-22.526498794555664	29.798128128051758
-13.50441837310791	32.94785690307617	-26.851016998291016
26.925395965576172	24.31918716430664	-14.534655570983887
34.11794662475586	-30.40517234802246	-12.804773330688477
-14.342698097229004	8.949614524841309	-21.901622772216797
-27.152833938598633	-19.887182235717773	-19.978683471679688
17.627063751220703	-16.649097442626953	-26.937393188476562
26.809986114501953	29.380157470703125	-16.20389747619629
20.030672073364258	-13.381282806396484	-14.86762809753418
-4.246851921081543	-18.21586036682129	20.962425231933594
19.536645889282227	11.786359786987305	-38.16558837890625
-20.45597267150879	-24.348726272583008	1.958484172821045
2.18354868888855	20.45102310180664	25.973569869995117
-14.610001564025879	25.846540451049805	35.301177978515625
33.970428466796875	-16.52369499206543	6.151401519775391
-31.980714797973633	-14.779400825500488	26.726980209350586
-1.1510398387908936	-24.96419906616211	-29.747961044311523
-13.26724910736084	39.01531982421875	-37.00526809692383
33.650089263916016	2.8587989807128906	-23.798677444458008
17.620676040649414	-2.2014377117156982	25.18488121032715
-27.27706527709961	21.528715133666992	-35.858280181884766
-36.266700744628906	37.73091506958008	-21.021028518676758
1.5585429668426514	19.342042922973633	19.57627296447754
28.35318374633789	4.250833988189697	-22.702861785888672
10.609262466430664	17.99698257446289	-15.141636848449707
37.10423278808594	-19.16490936279297	24.126995086669922
-9.192377090454102	38.6589469909668	-2.8466687202453613
-26.10342025756836	10.05016803741455	12.909272193908691
-7.15160608291626	28.3055419921875	-28.387840270996094
-8.15162467956543	39.57107162475586	18.2360897064209
22.43267250061035	29.78849220275879	-22.579065322875977
15.57043743133545	-19.85043716430664	-32.71910858154297
-38.86100387573242	-34.11821746826172	-22.909101486206055
-29.41583824157715	-17.872905731201172	-25.120546340942383
20.3104305267334	-27.072620391845703	-17.55961799621582
-17.280996322631836	23.633520126342773	-32.7708740234375
7.300692558288574	-10.159173965454102	16.857954025268555
7.127511024475098	-18.973264694213867	-5.628842830657959
-22.004804611206055	-3.4611494541168213	14.679522514343262
-13.194880485534668	35.34407043457031	-9.096440315246582
22.14728355407715	1.7938517332077026	24.294963836669922
9.568821907043457	-38.27692794799805	-0.5996601581573486
-10.463507652282715	11.476298332214355	-11.49029541015625
-33.84428405761719	-11.198136329650879	-23.078845977783203
-23.279220581054688	22.335838317871094	-31.048282623291016
-21.713666915893555	-3.764998197555542	-38.09945297241211
10.846920013427734	-33.832332611083984	27.719667434692383
29.92000961303711	-24.963808059692383	4.787480354309082
15.17711353302002	-22.854494094848633	39.26493835449219
-33.018924713134766	10.01871395111084	3.0642952919006348
-5.267938613891602	5.157402038574219	33.630592346191406
-23.624631881713867	-35.64303207397461	18.31178092956543
13.203239440917969	-13.038130760192871	14.231431007385254
27.545095443725586	11.980024337768555	37.25173568725586
-19.717517852783203	0.22588542103767395	-19.17625617980957
23.39682960510254	-23.634252548217773	-3.830897092819214
-13.4517822265625	25.27172088623047	-24.721460342407227
-6.712575912475586	20.955886840820312	-34.953548431396484
5.122857570648193	7.410128116607666	-15.138986587524414
-20.376447677612305	12.882059097290039	35.79984664916992
-19.248531341552734	-21.293094635009766	-24.60108184814453
0.7415940165519714	22.333452224731445	35.50238800048828
14.22607421875	0.2970905303955078	-8.78550910949707
-7.003988265991211	-22.75433921813965	-8.874149322509766
-11.82696533203125	-20.719152450561523	-20.088428497314453
11.751057624816895	-6.550249099731445	-15.585518836975098
-26.979610443115234	-24.562362670898438	26.85271453857422
8.589500427246094	27.733003616333008	39.796688079833984
22.360368728637695	24.664127349853516	-34.5450439453125
2.843940258026123	-26.50356674194336	16.614091873168945
-28.217416763305664	3.4093017578125	19.11333465576172
-3.756397247314453	-12.528870582580566	-16.723724365234375
-38.158260345458984	26.172054290771484	-25.932636260986328
37.04434585571289	17.306432723999023	-37.94324493408203
-27.798864364624023	-15.278793334960938	24.47608184814453
13.668331146240234	1.0170835256576538	-9.77978515625
-21.20882225036621	-8.170660018920898	-8.880362510681152
25.4909610748291	1.9979357719421387	20.86493492126465
-1.4986083507537842	-5.665627956390381	39.857383728027344
9.745552062988281	15.682500839233398	2.1159842014312744
-34.14548873901367	-4.373859405517578	6.511186122894287
33.87903594970703	29.494911193847656	30.366174697875977
-2.7178804874420166	-3.05584716796875	30.228166580200195
-22.641050338745117	2.3200974464416504	10.759716033935547
33.24778366088867	28.98851776123047	7.029154300689697
-10.789587020874023	5.281136512756348	-15.039158821105957
-18.860166549682617	-4.0794878005981445	-8.935702323913574
16.184612274169922	34.696956634521484	6.052584171295166
-6.438260078430176	-10.471464157104492	14.409135818481445
-8.249300003051758	-29.49182891845703	8.283645629882812
1.3124784231185913	2.603262424468994	1.3693084716796875
7.599560737609863	-15.03802490234375	-15.429915428161621
11.143674850463867	-34.685935974121094	-20.84294319152832
-19.2310733795166	-18.40492820739746	-26.024038314819336
-36.531036376953125	-32.27804183959961	-20.59369468688965
11.537982940673828	30.104055404663086	-9.621243476867676
-6.468113899230957	-2.7573766708374023	-25.70561981201172
-29.082704544067383	0.15093636512756348	-30.368940353393555
-32.383514404296875	-39.744625091552734	-14.43661117553711
-3.343219041824341	-24.746671676635742	-21.69152069091797
-17.25558853149414	-17.39832878112793	-9.931574821472168
-27.547151565551758	12.172404289245605	-17.588895797729492
-27.309467315673828	-9.958793640136719	34.127418518066406
26.988147735595703	-39.81889724731445	10.25428581237793
2.159372091293335	6.670373439788818	-10.686171531677246
-22.188236236572266	-22.86655616760254	17.876657485961914
5.32049560546875	34.5765495300293	-9.273571968078613
-21.359107971191406	30.698957443237305	32.29364776611328
-34.355934143066406	36.722503662109375	6.5372467041015625
-9.4802827835083	36.31777572631836	-39.536075592041016
11.619699478149414	-34.388153076171875	-17.48090362548828
17.111774444580078	-9.774267196655273	4.002426624298096
-2.7216832637786865	-20.591793060302734	2.7526609897613525
-32.4869384765625	-8.160783767700195	-39.81998825073242
-26.876766204833984	26.64376449584961	-2.084653854370117
-3.809796094894409	-8.613480567932129	-33.563194274902344
27.590856552124023	-15.657976150512695	32.1292610168457
-5.859355926513672	-8.71284294128418	30.25101661682129
-6.45767068862915	31.640344619750977	29.49209976196289
30.618656158447266	0.024154329672455788	11.920281410217285
27.272642135620117	-27.264114379882812	-33.557533264160156
11.060572624206543	26.30730438232422	-8.69765567779541
32.97005081176758	17.602153778076172	-29.01984214782715
-39.082740783691406	-11.253013610839844	-20.52968978881836
-35.33110809326172	-25.944915771484375	-10.131523132324219
-29.84632110595703	32.036930084228516	-20.10453987121582
-37.1612434387207	-20.6126651763916	21.629531860351562
-26.66421127319336	23.647315979003906	-11.997598648071289
3.0355262756347656	12.393404960632324	-37.70097351074219
-13.863639831542969	-34.05849075317383	39.84950256347656
7.972903728485107	8.523466110229492	-6.051792144775391
-30.320880889892578	28.679588317871094	21.60228729248047
-14.808904647827148	-20.892498016357422	33.116458892822266
-38.460418701171875	-37.36363983154297	-12.401411056518555
-36.139713287353516	-6.3816938400268555	-7.671931743621826
-29.856428146362305	24.418039321899414	37.75175476074219
-32.98125457763672	14.382248878479004	-37.551509857177734
-37.07671356201172	-31.513381958007812	-31.653594970703125
-29.792190551757812	-36.159671783447266	-9.690812110900879
28.303590774536133	-2.7093491554260254	32.917259216308594
39.9810905456543	35.611820220947266	37.577205657958984
-17.767366409301758	20.568593978881836	-7.8928751945495605
-5.4582014083862305	37.85745620727539	33.577640533447266
-20.63779640197754	29.217510223388672	-3.8601293563842773
32.004764556884766	-10.090829849243164	12.836186408996582
-21.281091690063477	-37.660362243652344	38.24478530883789
-25.522727966308594	-24.281076431274414	-30.56458282470703
37.7656135559082	6.435905933380127	-30.989051818847656
24.226083755493164	5.789114952087402	25.5411434173584
20.20126724243164	-39.624786376953125	22.317920684814453
39.02204132080078	-5.138786792755127	-15.438236236572266
32.4245491027832	39.35527801513672	31.65114974975586
26.088430404663086	-21.670318603515625	-33.402706146240234
-23.599868774414062	11.483654975891113	15.493703842163086
1.6866347789764404	24.601037979125977	5.433889865875244
7.429670810699463	30.889392852783203	-4.238195896148682
-12.505975723266602	-14.592604637145996	1.4941582679748535
-18.940399169921875	19.4429874420166	-28.358745574951172
-8.538311958312988	9.809283256530762	-17.493600845336914
4.834242820739746	-9.476283073425293	7.525311470031738
-12.515009880065918	16.768739700317383	27.50623893737793
2.4326446056365967	13.923368453979492	-21.699377059936523
-4.337349891662598	29.86577796936035	5.960822105407715
-1.7615008354187012	24.209707260131836	24.995149612426758
-6.553977966308594	4.066777229309082	8.022488594055176
-27.9005126953125	19.034452438354492	-20.812824249267578
-23.484533309936523	-26.404064178466797	30.396026611328125
30.971120834350586	15.360363960266113	-31.570995330810547
-4.407358169555664	33.09368896484375	-28.444557189941406
-21.087772369384766	23.22332763671875	-39.38262176513672
-29.0598201751709	-17.276857376098633	3.6339163780212402
27.772066116333008	-11.215330123901367	-7.936638355255127
-22.95236587524414	13.00520133972168	12.46989631652832
-38.41192626953125	2.131227970123291	-9.855010986328125
-20.6325626373291	-18.97186851501465	-11.715330123901367
-27.358993530273438	2.5962278842926025	-29.853744506835938
1.5388574600219727	-32.23497009277344	-8.962929725646973
5.442753314971924	14.818124771118164	36.79685974121094
-14.512621879577637	13.769597053527832	-17.518753051757812
-2.589219570159912	1.7122400999069214	-8.21982479095459
-22.04522132873535	-13.054227828979492	17.696022033691406
6.164097785949707	1.2316412925720215	39.85146713256836
-13.149555206298828	14.588725090026855	15.715426445007324
-19.605146408081055	6.629067420959473	-21.794376373291016
-12.869911193847656	9.472846984863281	-14.594413757324219
-18.53551483154297	2.9193499088287354	5.199060916900635
-8.119490623474121	27.544307708740234	-20.81290626525879
29.62095832824707	39.26301193237305	-26.461389541625977
-25.489988327026367	-34.38046646118164	-4.7069807052612305
-35.45614242553711	24.469011306762695	4.086791515350342
28.241209030151367	4.9229631423950195	-0.4237819314002991
-29.70492172241211	3.2924551963806152	-34.19273376464844
-6.440260410308838	28.664758682250977	21.53469467163086
25.924795150756836	14.017516136169434	-21.353166580200195
29.6982364654541	2.211365222930908	1.8905032873153687
-28.737293243408203	1.0855557918548584	28.80487632751465
26.85830307006836	-38.182796478271484	-35.32986068725586
-34.213409423828125	-1.390497088432312	-31.61092185974121
-1.1999346017837524	36.276912689208984	37.73295974731445
12.4712495803833	18.11606216430664	16.67901611328125
39.24557113647461	-11.658595085144043	-21.696949005126953
-4.253352642059326	-7.376175403594971	33.550559997558594
-32.89877700805664	1.595258116722107	-36.54042053222656
-37.80916976928711	30.10397720336914	-36.49551010131836
-5.957483291625977	-6.227414608001709	-13.074556350708008
-1.195534348487854	-38.6324348449707	18.385324478149414
14.912469863891602	-26.279237747192383	24.993085861206055
-11.879175186157227	9.252379417419434	2.8384931087493896
33.2642707824707	-22.752849578857422	-30.586841583251953
-21.166112899780273	-25.906187057495117	22.885221481323242
-0.15441322326660156	29.305261611938477	38.87257766723633
37.35080337524414	-38.951873779296875	-26.904598236083984
-11.816819190979004	23.12529182434082	-2.213812828063965
1.9930521249771118	-26.893827438354492	-37.2119140625
30.88998031616211	4.816897869110107	8.102158546447754
14.717275619506836	14.034138679504395	21.925460815429688
-18.785930633544922	-14.58537769317627	-4.40803337097168
18.894872665405273	2.864255666732788	-26.098562240600586
16.51711082458496	23.885618209838867	-10.09591007232666
-24.64567756652832	-39.937782287597656	6.450578212738037
6.033357620239258	5.094472885131836	4.177476406097412
-21.72002601623535	-7.9840312004089355	33.01640319824219
21.793127059936523	-7.0674214363098145	29.50245475769043
23.046180725097656	30.72238540649414	12.56860637664795
3.0970540046691895	38.149600982666016	-21.21564483642578
-14.282093048095703	-30.7336368560791	14.320018768310547
19.198566436767578	27.095062255859375	19.775381088256836
32.08845901489258	15.345307350158691	12.532183647155762
3.203934907913208	14.704655647277832	-27.801429748535156
33.25212097167969	29.72618865966797	-8.587895393371582
-16.480682373046875	32.896636962890625	34.912864685058594
33.183685302734375	3.1547062397003174	-37.01307678222656
-10.285642623901367	7.073234558105469	23.09016227722168
10.30477237701416	-5.629183769226074	26.014680862426758
-18.627817153930664	13.999067306518555	-39.93976593017578
-20.851049423217773	27.088966369628906	3.2821202278137207
-22.75977325439453	29.386690139770508	35.32217788696289
38.610843658447266	-34.11650466918945	-30.22201156616211
-34.77120590209961	4.1418938636779785	-31.976743698120117
30.942031860351562	-25.876686096191406	36.408016204833984
-11.2603120803833	26.927757263183594	-34.201175689697266
12.113438606262207	-4.749327182769775	3.4908759593963623
28.47976303100586	21.685958862304688	-7.1527485847473145
-14.8380765914917	-22.976903915405273	-5.93287467956543
10.642289161682129	-32.10896682739258	-9.247199058532715
27.848114013671875	36.658775329589844	28.537694931030273
-12.602043151855469	6.0467119216918945	-6.612592697143555
6.569616317749023	-10.665251731872559	-16.73212432861328
15.28676700592041	-33.185585021972656	-39.31742858886719
-30.28496551513672	35.733482360839844	-33.17293930053711
35.85840606689453	10.427430152893066	-6.842554092407227
10.361011505126953	27.62813949584961	-10.206854820251465
-38.0275764465332	-17.75334358215332	-35.0571403503418
-18.502721786499023	-2.7766356468200684	-37.54800033569336
-18.80141258239746	28.466659545898438	-35.066646575927734
16.829198837280273	27.154285430908203	37.86445617675781
-15.647613525390625	17.415061950683594	-28.104883193969727
26.161029815673828	3.9441192150115967	-7.62412166595459
-22.597726821899414	35.40278625488281	-1.3710848093032837
-24.215320587158203	-26.181987762451172	-19.735702514648438
27.368494033813477	9.59536361694336	-13.137873649597168
-18.755311965942383	8.172979354858398	-36.779605865478516
-14.795370101928711	23.272663116455078	-26.382797241210938
23.62879753112793	-10.824223518371582	-4.040757179260254
-16.846725463867188	2.9807872772216797	25.85611343383789
23.911046981811523	-10.273810386657715	-32.892642974853516
-31.8702392578125	-7.904885292053223	27.50877571105957
34.568302154541016	17.1312313079834	-3.4692673683166504
-24.827974319458008	12.78610897064209	18.45247459411621
-12.649466514587402	-31.670373916625977	21.150161743164062
36.627777099609375	3.111408233642578	-19.843311309814453
-16.84990119934082	-34.17880630493164	7.905017375946045
10.929067611694336	11.806437492370605	29.478273391723633
8.691479682922363	12.619184494018555	7.961696624755859
-36.94866943359375	10.720454216003418	-12.069422721862793
10.391279220581055	-35.139564514160156	2.0900304317474365
1.5003786087036133	2.7974154949188232	19.033510208129883
17.196794509887695	27.199193954467773	-0.6324235796928406
-8.224874496459961	23.986297607421875	-23.516700744628906
6.506715297698975	31.55354881286621	-30.852325439453125
30.526456832885742	1.8540372848510742	0.8952723741531372
-34.93874740600586	-20.193082809448242	12.90616226196289
-36.74295425415039	-35.6168212890625	19.513023376464844
-31.569034576416016	0.5443345308303833	1.9339796304702759
-6.860401153564453	-18.62514877319336	5.952831268310547
5.378279209136963	18.957866668701172	33.15031051635742
34.275794982910156	13.892711639404297	26.892248153686523
4.911600589752197	20.067461013793945	-6.831798553466797
17.504594802856445	-1.082005500793457	16.3707332611084
-32.11355972290039	-29.387420654296875	-17.842496871948242
-39.81874465942383	-7.296370506286621	31.34099578857422
21.931949615478516	-32.681427001953125	36.643001556396484
0.3435893952846527	-4.416231632232666	27.183128356933594
11.094928741455078	-6.011129379272461	-31.960979461669922
30.088069915771484	23.492961883544922	-22.05408477783203
15.493906021118164	-27.091594696044922	-14.816617012023926
6.113438129425049	-10.665122032165527	-14.456587791442871
-12.656845092773438	24.206331253051758	29.423025131225586
3.519205331802368	-31.467321395874023	-10.568581581115723
-23.058992385864258	38.57019805908203	30.262611389160156
-6.964004993438721	-39.628658294677734	0.21278353035449982
-35.51273727416992	27.417863845825195	34.805397033691406
17.52498435974121	-2.120560646057129	-20.877769470214844
11.622000694274902	0.4282265603542328	27.021888732910156
-29.297847747802734	28.247577667236328	-6.11964225769043
7.133788585662842	-17.386817932128906	-17.641904830932617
20.96783447265625	39.6859016418457	-19.407026290893555
23.701871871948242	-2.8219568729400635	-14.690735816955566
26.791372299194336	-12.032450675964355	-10.951313972473145
-17.777347564697266	15.357890129089355	-34.046077728271484
-39.388187408447266	4.826458930969238	-23.666980743408203
7.195924282073975	36.12907409667969	8.978135108947754
18.53114128112793	19.0333194732666	30.716712951660156
35.22138977050781	23.65576171875	23.9466495513916
35.0864143371582	23.355146408081055	-16.88075828552246
25.57974624633789	31.767356872558594	37.219154357910156
-1.5063780546188354	-35.80392837524414	25.82802391052246
5.196903705596924	12.730555534362793	-4.596697807312012
13.49781322479248	11.311952590942383	-33.04925537109375
16.13784408569336	-4.006148338317871	-37.12279510498047
30.582700729370117	-37.9451904296875	-27.071678161621094
30.957290649414062	7.905219554901123	5.329585075378418
-14.326218605041504	13.632596969604492	14.672271728515625
23.496261596679688	14.51911449432373	15.507545471191406
24.804323196411133	15.360812187194824	0.6834028363227844
5.680872917175293	-7.397188663482666	15.046120643615723
9.622981071472168	30.764802932739258	28.22932243347168
-18.989124298095703	-39.572906494140625	-26.58140754699707
-2.4276394844055176	-30.854476928710938	21.599958419799805
4.730087757110596	-15.165596961975098	32.59963607788086
5.922504901885986	-20.934864044189453	-23.552837371826172
35.30908203125	24.25916290283203	30.377365112304688
19.688533782958984	27.47411346435547	31.077836990356445
19.63707733154297	-13.559835433959961	-26.214147567749023
-10.622737884521484	4.368374824523926	-6.221686363220215
13.247289657592773	-5.601728439331055	19.447111129760742
27.158864974975586	-3.750056743621826	-4.4668803215026855
-10.107181549072266	-2.5860705375671387	-25.131853103637695
-17.086233139038086	35.808250427246094	-15.640191078186035
-12.617280006408691	-4.27328634262085	-26.821544647216797
2.931351900100708	12.189319610595703	6.272105693817139
23.69074821472168	33.63224792480469	-12.639266014099121
38.95671463012695	-24.205991744995117	-29.760717391967773
-16.014583587646484	-28.867488861083984	26.961692810058594
9.961956024169922	10.079251289367676	13.036609649658203
-5.118290901184082	17.710180282592773	22.82615089416504
-17.417739868164062	-7.298074722290039	0.31276842951774597
18.467334747314453	9.34268569946289	-8.071819305419922
17.73550033569336	-20.543731689453125	-8.895943641662598
-15.6089448928833	-2.8073315620422363	-9.135436058044434
-27.136524200439453	-36.51717758178711	-0.9062197208404541
33.192317962646484	-29.051252365112305	-13.937882423400879
-31.38882827758789	-7.6827545166015625	-6.6276679039001465
26.53705406188965	-9.227508544921875	0.31462302803993225
9.042970657348633	37.11873245239258	4.27665901184082
23.51197052001953	-30.23554039001465	-21.185176849365234
8.575944900512695	23.354320526123047	-28.633075714111328
-31.0499267578125	15.401312828063965	2.6504101753234863
-8.222695350646973	17.328025817871094	14.20727252960205
-24.7686767578125	0.1585928052663803	-27.418638229370117
15.3499116897583	22.12991714477539	-18.634138107299805
-25.686979293823242	-17.466344833374023	20.546974182128906
5.126163005828857	-10.95277214050293	-25.682676315307617
10.567204475402832	-17.99909782409668	18.262258529663086
11.998651504516602	-4.736627578735352	-26.527345657348633
8.737540245056152	23.116365432739258	22.821514129638672
30.76202392578125	-17.58336639404297	6.12335729598999
-11.097159385681152	22.302968978881836	-34.23763656616211
-3.7249698638916016	14.026126861572266	-35.99736404418945
-13.494626998901367	-9.01648235321045	5.4811601638793945
-2.8464956283569336	39.059059143066406	-33.19028854370117
17.391530990600586	35.60615539550781	-5.947484970092773
-8.787225723266602	-0.5701814293861389	-28.3189697265625
33.51995086669922	-30.15814208984375	11.269609451293945
8.042659759521484	-19.590606689453125	13.693832397460938
17.35345458984375	33.74833297729492	1.9738128185272217
12.585596084594727	-4.594954490661621	-16.0800838470459
17.535266876220703	10.490099906921387	19.447345733642578
14.30372142791748	-26.78173065185547	2.8946614265441895
-30.58222198486328	-5.973028659820557	-8.200291633605957
-15.804258346557617	-7.894052028656006	-23.128793716430664
-9.74169635772705	11.698266983032227	0.013498444110155106
25.41905975341797	22.554908752441406	10.939117431640625
20.744476318359375	-5.293445110321045	-6.129887104034424
12.27210807800293	19.050128936767578	-19.772043228149414
33.16289520263672	-33.16657638549805	-30.32866096496582
16.892343521118164	-9.165026664733887	-21.01987648010254
32.22241973876953	12.1326904296875	22.349063873291016
-25.083093643188477	-8.76174259185791	26.374431610107422
15.111563682556152	3.681246519088745	-30.9742488861084
32.92207717895508	12.898222923278809	-6.446365833282471
10.846625328063965	-22.837867736816406	2.3595495223999023
-8.975797653198242	31.26195526123047	-35.711090087890625
3.997185468673706	11.28720760345459	33.72018051147461
-8.720850944519043	-9.060185432434082	39.75162887573242
9.594477653503418	-39.969268798828125	36.07046127319336
-12.064190864562988	-17.948665618896484	8.160499572753906
-36.113529205322266	-29.603933334350586	-31.384366989135742
8.239677429199219	11.76938533782959	29.220762252807617
-15.640958786010742	35.59668731689453	-0.46300557255744934
35.61714172363281	-38.83850860595703	-12.393718719482422
14.440569877624512	-4.589163303375244	6.067511558532715
37.458251953125	14.124061584472656	24.06780242919922
23.33188819885254	0.492069810628891	5.953643321990967
7.161657810211182	9.955265045166016	33.92896270751953
-9.913383483886719	-10.596141815185547	-18.52311897277832
34.15486145019531	-11.538172721862793	32.29566192626953
-4.692869186401367	-37.49076461791992	-27.091285705566406
18.094133377075195	-16.158254623413086	2.9149258136749268
3.41483473777771	-25.736865997314453	5.629735946655273
13.210332870483398	30.286014556884766	36.30381774902344
10.981061935424805	36.283905029296875	37.9410400390625
9.592308044433594	23.520885467529297	33.55375289916992
21.80066680908203	-13.863275527954102	28.08440399169922
14.07569694519043	-23.660734176635742	5.954592227935791
-5.347685813903809	-19.889053344726562	12.333390235900879
-31.56692886352539	9.813247680664062	14.209153175354004
11.531450271606445	30.64539909362793	-31.2119083404541
27.466537475585938	-30.329166412353516	-26.90043067932129
-27.399978637695312	-22.195791244506836	-25.457143783569336
-26.208097457885742	-34.477169036865234	-26.987335205078125
9.495753288269043	-38.81881332397461	-4.077212333679199
30.453432083129883	10.241469383239746	-4.112218379974365
35.496429443359375	-14.90323543548584	17.26951789855957
35.2464714050293	2.933396577835083	-19.14139747619629
-17.02251625061035	21.80887794494629	22.579879760742188
-14.395236015319824	-10.652363777160645	-10.628791809082031
-17.03684425354004	12.524374961853027	-17.46467399597168
6.936365604400635	-1.3902322053909302	-12.377734184265137
-20.70809555053711	-11.607526779174805	-31.044490814208984
-3.7584943771362305	29.002140045166016	-13.993646621704102
-0.7624251246452332	-35.805564880371094	32.979339599609375
13.187895774841309	14.138557434082031	26.44073486328125
-18.106075286865234	17.265493392944336	35.56309509277344
-14.586654663085938	-12.871179580688477	5.739980697631836
12.075456619262695	-5.75238037109375	-4.875987529754639
-22.497188568115234	38.381019592285156	-27.264741897583008
38.19522476196289	-9.27363109588623	23.951364517211914
-0.25107452273368835	22.555641174316406	20.374652862548828
10.868084907531738	-5.051167011260986	-2.7976155281066895
-6.883090496063232	-6.969062805175781	-19.563756942749023
7.102515697479248	-24.036760330200195	7.554934978485107
0.2518799602985382	10.351856231689453	2.0273046493530273
17.172765731811523	3.00488018989563	-6.120933532714844
-0.8091294169425964	-22.08428955078125	33.99617004394531
-20.58279037475586	28.103370666503906	-9.923176765441895
-27.799116134643555	1.9539048671722412	14.185348510742188
-7.387173175811768	-1.4447227716445923	24.435754776000977
-12.708881378173828	-30.972196578979492	-25.115859985351562
3.913541793823242	15.765656471252441	-27.27937889099121
33.60029983520508	21.765155792236328	-16.963775634765625
-6.186542510986328	34.42704772949219	26.957517623901367
-32.4267692565918	20.456832885742188	1.6004327535629272
-7.274450778961182	-12.530875205993652	-37.24591064453125
7.854879856109619	-3.497633695602417	27.195106506347656
24.230031967163086	13.815086364746094	-15.960753440856934
18.69598960876465	7.481281280517578	-37.81636428833008
-35.474082946777344	-32.57997512817383	28.214588165283203
10.629850387573242	16.876253128051758	23.34906578063965
13.377596855163574	9.209416389465332	-2.8269224166870117
-32.11248779296875	-10.98190689086914	24.34222412109375
14.99366283416748	-22.475210189819336	-31.01213836669922
32.47075653076172	18.663774490356445	21.66638946533203
-24.901288986206055	5.09626579284668	25.611879348754883
33.22584533691406	-18.54967498779297	-34.40484619140625
21.56386947631836	-25.855579376220703	-25.573110580444336
20.10567855834961	-36.92487716674805	13.555632591247559
13.409805297851562	-15.936055183410645	-22.055408477783203
-29.13974952697754	-6.908031463623047	22.44170570373535
34.537078857421875	17.631940841674805	3.5988941192626953
-17.436983108520508	6.815510272979736	16.64138412475586
-18.927570343017578	1.112642526626587	14.231034278869629
32.304542541503906	-32.02101135253906	-14.56093692779541
-10.691875457763672	13.505474090576172	-0.7824190258979797
12.335648536682129	9.469266891479492	-34.78102111816406
15.932851791381836	36.29327392578125	33.440391540527344
32.07661437988281	34.1954345703125	-3.1040267944335938
-37.11473846435547	15.091423988342285	-5.01149845123291
-13.593875885009766	-38.344669342041016	-30.259201049804688
36.91328811645508	-11.399792671203613	-21.71568489074707
19.204246520996094	20.551044464111328	-13.626341819763184
-27.037822723388672	34.6030387878418	-25.336837768554688
-5.745256423950195	-31.785120010375977	12.189083099365234
27.11307144165039	-14.783212661743164	23.68735122680664
-11.357824325561523	-35.97686004638672	24.619192123413086
13.453104972839355	-33.84226608276367	-16.556264877319336
-25.601591110229492	-8.801166534423828	28.335298538208008
18.092487335205078	25.8617000579834	-8.305780410766602
30.621740341186523	13.643731117248535	16.699779510498047
-22.00276756286621	-36.46538543701172	-12.426902770996094
5.233775615692139	20.594411849975586	-4.093729496002197
0.3469403386116028	-5.394340991973877	-3.7949235439300537
-34.25612258911133	38.746761322021484	-6.1119608879089355
4.255118370056152	-12.435332298278809	-9.52798080444336
-1.9759935140609741	12.082579612731934	-39.31318283081055
7.192280292510986	-37.8860969543457	1.3519409894943237
-23.549560546875	-28.726503372192383	-31.823225021362305
-39.83095169067383	36.20637512207031	14.585331916809082
28.49974250793457	-11.849043846130371	5.133466720581055
-7.273049831390381	5.367185115814209	19.61256217956543
-6.766256332397461	-34.06159591674805	12.72628116607666
-27.96621322631836	39.75407028198242	22.311443328857422
2.1705191135406494	-9.800504684448242	38.170284271240234
10.235987663269043	32.85981369018555	-20.61179542541504
-29.853742599487305	-13.946256637573242	-17.517261505126953
-0.16551731526851654	-36.64095687866211	-7.796706676483154
-2.7929024696350098	-34.55469512939453	-21.388120651245117
-32.47975540161133	-7.416390895843506	3.3628883361816406
-36.259674072265625	-30.3955020904541	39.51905059814453
-17.945884704589844	-31.94182014465332	-29.95563507080078
-33.725799560546875	-39.27613067626953	0.931419849395752
38.36609649658203	-2.9856112003326416	29.172882080078125
10.159578323364258	19.51317024230957	-24.867815017700195
-15.22169303894043	-31.292739868164062	-12.950669288635254
-29.4565372467041	37.82658004760742	15.654182434082031
-35.24872589111328	-11.301804542541504	-20.014925003051758
-36.1939697265625	10.947489738464355	-5.980008602142334
2.0752193927764893	-4.32664155960083	-28.83428955078125
-20.746131896972656	12.170537948608398	2.8813891410827637
-37.01569366455078	-9.95267105102539	16.551000595092773
29.64267349243164	39.62132263183594	-26.825454711914062
8.519706726074219	-21.271074295043945	-9.893487930297852
-15.797320365905762	35.73482894897461	-20.64136505126953
-23.32366371154785	-26.930980682373047	18.96112060546875
0.4114788770675659	26.245973587036133	12.277392387390137
-15.368891716003418	1.5200132131576538	-8.44853687286377
-18.072092056274414	-29.858055114746094	-24.87566375732422
-24.166393280029297	12.517326354980469	-12.051166534423828
-31.15406608581543	34.664146423339844	31.11908721923828
-22.147363662719727	16.960668563842773	26.481477737426758
32.4365348815918	2.347165822982788	-8.176576614379883
-18.72088623046875	37.45995330810547	-14.571721076965332
30.608078002929688	22.56821632385254	-30.17877960205078
-33.1284065246582	-20.92719078063965	26.738006591796875
9.959710121154785	-28.79142189025879	16.961523056030273
12.967021942138672	30.163787841796875	-21.39883804321289
-15.004231452941895	6.765201091766357	27.255449295043945
23.012893676757812	3.1612114906311035	-38.970970153808594
-15.062066078186035	-6.897092819213867	23.936975479125977
-8.64750862121582	-9.250036239624023	-25.263185501098633
27.154834747314453	-28.81937026977539	20.380319595336914
38.70892333984375	1.0224412679672241	5.710032939910889
23.896709442138672	17.085805892944336	-23.069150924682617
-39.361446380615234	-24.5041561126709	-3.277888774871826
-4.808892250061035	-2.1722028255462646	12.565383911132812
-2.8928658962249756	20.789093017578125	-23.45614242553711
18.952308654785156	-5.120855331420898	-18.680944442749023
5.66074800491333	-9.466583251953125	-8.212328910827637
-25.220123291015625	17.18402862548828	2.8568551540374756
-13.322932243347168	24.225093841552734	27.024776458740234
16.57578468322754	26.54193115234375	35.94881820678711
23.30035400390625	-34.74957275390625	-25.438602447509766
3.916208267211914	35.022117614746094	38.590152740478516
22.718048095703125	29.28196144104004	-1.9477519989013672
20.135684967041016	-25.660091400146484	-33.21796417236328
-32.486900329589844	-24.374347686767578	-31.437061309814453
-20.398372650146484	28.387954711914062	2.1010587215423584
-14.549764633178711	-29.364532470703125	-0.027010975405573845
-0.0527949333190918	-0.0852833017706871	-0.021953292191028595
0.06386774033308029	0.031117992475628853	-0.07441236078739166
-0.06593549996614456	0.015050803311169147	-0.0029032041784375906
0.0605890192091465	0.06808678805828094	-0.05341179296374321
-0.027893420308828354	-0.06273502856492996	0.04981798678636551
0.02354385331273079	-0.035291507840156555	-0.048191480338573456
0.07382675260305405	-0.0479435920715332	-0.05971787869930267
0.012615245766937733	0.02151327393949032	0.06500741094350815
0.05679444223642349	0.06361520290374756	0.05062633752822876
-0.03515206649899483	-0.08242452144622803	-0.024370089173316956
-0.05664517730474472	0.021214375272393227	0.03723769634962082
-0.07594652473926544	0.02764742448925972	0.0009054117253981531
0.0884539932012558	0.09061213582754135	0.042876895517110825
-0.011867419816553593	-0.06061365455389023	0.019238360226154327
0.01699453964829445	-0.0011333837173879147	-0.07803697139024734
-0.0740453228354454	0.012838346883654594	0.05061681941151619
-0.07843197882175446	-0.02724636159837246	0.06910119205713272
-0.08785784989595413	0.09085678309202194	-0.047572821378707886
-0.022729385644197464	0.09707044064998627	0.03939404711127281
-0.04234273359179497	0.09982854127883911	-0.014310754835605621
0.01631573960185051	-0.002243570750579238	-0.06360820680856705
0.03963780775666237	-0.05196397751569748	0.08046688884496689
0.022700747475028038	0.03568601608276367	0.012646794319152832
-0.04674549028277397	0.014752253890037537	-0.053086936473846436
-0.047926247119903564	-0.019508112221956253	-0.08971753716468811
-0.06522629410028458	-0.043548669666051865	-0.09295538812875748
-0.007049912121146917	-0.06491801142692566	0.03812083601951599
0.07573873549699783	0.053418975323438644	-0.005827129818499088
-0.07765385508537292	0.08669931441545486	0.033017270267009735
-0.004759431816637516	0.045747991651296616	0.03409971669316292
0.07046304643154144	-0.054998043924570084	0.030848853290081024
-0.08467621356248856	0.002533018821850419	0.07951142638921738
0.043008413165807724	0.04520390182733536	-0.01212790422141552
-0.004664963111281395	-0.04805447906255722	-0.0927073210477829
0.018177304416894913	0.05982845276594162	-0.0052587175741791725
0.07146802544593811	0.08044927567243576	0.017493825405836105
0.08089812099933624	0.08193369954824448	-0.08319973945617676
-0.09388937801122665	0.08525686711072922	-0.04231642931699753
-0.02260054089128971	-0.00041535936179570854	0.054575659334659576
0.021103015169501305	-0.04743846505880356	0.06941544264554977
0.06478668749332428	0.09922974556684494	0.09139139950275421
-0.008377447724342346	-0.08348632603883743	0.006553341168910265
-0.07701722532510757	0.008146272040903568	0.003765109460800886
-0.020091772079467773	0.05994873121380806	0.014670591801404953
-0.044161729514598846	-0.022136539220809937	-0.014499086886644363
-0.017364775761961937	0.06022598594427109	0.06103379279375076
-0.0010296284453943372	0.06684236973524094	-0.060096871107816696
0.05635451525449753	-0.07959817349910736	0.055872246623039246
-0.02545621246099472	0.026127848774194717	-0.01101544126868248
0.07727939635515213	-0.00025534661835990846	-0.030289191752672195
0.016238823533058167	0.08346230536699295	-0.0723440870642662
-0.08704831451177597	0.01352070551365614	-0.06560937315225601
-0.02278784289956093	-0.0848185122013092	0.08870740234851837
0.024734707549214363	-0.04104401916265488	0.012515025213360786
0.06790154427289963	0.094381183385849	-0.07881592214107513
-0.031362779438495636	-0.016662444919347763	0.017104052007198334
-0.048302918672561646	0.09935241937637329	-0.07350007444620132
-0.06460635364055634	0.08683916181325912	-0.0657915472984314
-0.07351638376712799	0.0908392146229744	-0.07593812048435211
-0.06699962913990021	-0.01098923571407795	-0.05355925112962723
-0.06533777713775635	-0.01909729652106762	0.031239096075296402
0.06630511581897736	0.02769758552312851	-0.002951525617390871
0.058918584138154984	0.04643012955784798	-0.07043756544589996
-0.07887542247772217	-0.07725981622934341	0.06516604870557785
0.029109414666891098	0.03391701355576515	0.0498899407684803
0.05502805486321449	-0.09143126010894775	-0.055818475782871246
0.03845864161849022	0.07951387763023376	0.07522360235452652
0.060264281928539276	-0.04645375534892082	-0.02651418000459671
0.04456488415598869	-0.03920605406165123	-0.06596551090478897
0.0003862507874146104	0.06308937072753906	0.023473426699638367
-0.0681939572095871	-0.03991968557238579	-0.06691334396600723
0.011858217418193817	-0.024076133966445923	-0.016626587137579918
-0.02242768183350563	0.03743082284927368	0.056698739528656006
-0.012599324807524681	-0.07874581217765808	-0.006594189442694187
-0.004099877551198006	-0.0640794187784195	-0.04214376583695412
-0.07954145967960358	-0.06479684263467789	0.09532395750284195
-0.0508701391518116	-0.07321897149085999	-0.039057325571775436
-0.008300306275486946	-0.06610602885484695	0.011503491550683975
-0.020848793908953667	-0.03875325992703438	-0.04236382991075516
0.05762485787272453	-0.0897083654999733	-0.09698349982500076
0.08122444897890091	-0.06180168688297272	-0.0359022319316864
0.0434863306581974	-0.03783059120178223	0.028358178213238716
-0.054263610392808914	-0.04683654010295868	0.07461825013160706
0.08228512853384018	-0.03690781071782112	-0.01319421548396349
-0.05713044852018356	-0.0968811959028244	0.08142555505037308
0.0010888101533055305	-0.027209503576159477	-0.09243094176054001
0.011857662349939346	-0.09126485139131546	-0.08826788514852524
0.09779225289821625	0.08652802556753159	-0.0438079796731472
-0.09412581473588943	-0.03536619991064072	0.007399609312415123
0.020979497581720352	0.011646591126918793	-0.08852335810661316
-0.07629693299531937	-0.010602537542581558	0.07124105095863342
0.024920793250203133	0.052732616662979126	-0.07227843254804611
-0.09231128543615341	-0.09732934832572937	-0.04264549911022186
-0.0054782298393547535	0.06323779374361038	0.05573036149144173
-0.09800220280885696	-0.05078752338886261	-0.02974846586585045
-0.02970566228032112	-0.04187579080462456	0.060904864221811295
-0.01616254821419716	0.09540559351444244	-0.08019174635410309
-0.0733947679400444	-0.09254790097475052	-0.039669279009103775
-0.036948926746845245	0.059860650449991226	-0.06728556007146835
0.0020709175150841475	-0.0920378640294075	-0.045042507350444794
-0.03857582435011864	0.021525835618376732	0.07806806266307831
0.053571365773677826	0.03305160254240036	0.09270636737346649
0.0019603485707193613	-0.010751604102551937	-0.03808096796274185
0.0558064766228199	0.08442816883325577	0.027838846668601036
-0.034822482615709305	0.020491231232881546	0.08666061609983444
-0.0008035358623601496	0.061930276453495026	-0.004944709129631519
-0.0014866736019030213	0.044210441410541534	0.014040586538612843
0.024424666538834572	-0.03818953409790993	0.052756499499082565
0.03641415387392044	-0.013731629587709904	-0.039433371275663376
0.06041831523180008	-0.055083826184272766	-0.013523399829864502
0.04130132496356964	0.011721101589500904	-0.09314960986375809
-0.09188184887170792	0.07852893322706223	-0.09506580978631973
-0.024346742779016495	-0.024454597383737564	0.03946644440293312
-0.05726207047700882	0.051150210201740265	0.009435716085135937
0.0028593423776328564	0.024984724819660187	0.03368402272462845
-0.009302297607064247	-0.025514110922813416	-0.0694480687379837
0.0314030759036541	0.034470170736312866	-0.09187378734350204
0.004089930560439825	-0.027338072657585144	-0.03540615364909172
-0.047650277614593506	-0.0785360261797905	0.048754699528217316
0.02447586879134178	0.08190301805734634	0.05481928959488869
-0.016027314588427544	0.05771917104721069	-0.06123538315296173
0.08567932993173599	0.06965547055006027	-0.02383132092654705
0.07947883754968643	0.03884570673108101	-0.05786501616239548
-0.08171143382787704	0.0035994923673570156	-0.09374692291021347
0.07831086963415146	0.07287787646055222	0.07549740374088287
-0.04616520181298256	0.017469167709350586	-0.061181262135505676
0.003548413747921586	0.05827473849058151	-0.013695885427296162
-0.03767126053571701	0.08088868856430054	0.08593185245990753
0.07640893757343292	0.050322771072387695	0.02635708451271057
0.01724378764629364	0.02005882002413273	0.0709744542837143
0.034160222858190536	-0.09354114532470703	-0.08153346925973892
0.00799182802438736	-0.061127860099077225	0.03133997321128845
0.006406154949218035	0.05084437131881714	-0.08422251790761948
0.02202669158577919	0.07646455615758896	0.005492036696523428
-0.04434864968061447	-0.02419128268957138	-0.0741594135761261
0.02347232587635517	-0.05601700022816658	0.04822157695889473
0.04344409331679344	-0.05371576547622681	-0.029803108423948288
-0.05717260390520096	0.09004775434732437	0.06467355042695999
-0.001877704868093133	-0.018691303208470345	0.06223880499601364
0.09179782122373581	-0.0033840504474937916	0.06497815996408463
-0.06829924136400223	0.06839275360107422	0.07453183829784393
0.057522695511579514	-0.002238926012068987	0.024913610890507698
0.017463790252804756	-0.07469309866428375	-0.009953905828297138
0.019961794838309288	0.046369973570108414	0.07244876027107239
0.02506454661488533	-0.08884247392416	0.03862222656607628
0.056147340685129166	0.03154699504375458	-0.08906776458024979
-0.060930196195840836	0.0838358998298645	-0.07329853624105453
0.08348200470209122	0.09040424227714539	-0.0432538166642189
0.02578546479344368	-0.04808330535888672	0.06192231923341751
0.029982397332787514	-0.07487630844116211	-0.03167983517050743
0.08925384283065796	0.023679519072175026	0.046403687447309494
0.09091131389141083	0.04131915047764778	-0.025555679574608803
0.044663745909929276	-0.036099307239055634	0.0032942944671958685
0.00874750129878521	-0.016415726393461227	0.08565688133239746
0.04911517724394798	0.07132421433925629	-0.01456805132329464
-0.04527201130986214	-0.05516858771443367	-0.03605421632528305
0.06531339883804321	-0.04497629776597023	0.015109335072338581
-0.07027129083871841	0.07408755272626877	-0.06263862550258636
0.004095504060387611	0.09728570282459259	0.06430956721305847
-0.016385935246944427	0.027551686391234398	-0.08669622987508774
-0.09916702657938004	0.019617309793829918	-0.06974434107542038
0.08176030218601227	-0.004388357978314161	-0.020019901916384697
0.07212958484888077	0.02679305709898472	-0.0805346816778183
-0.05621957778930664	-0.04345081374049187	0.07251647114753723
0.09610655158758163	0.03394193574786186	0.05078776553273201
0.09329355508089066	-0.02596062608063221	-0.06824269145727158
0.009796451777219772	-0.0030149274971336126	0.03370703384280205
0.039708808064460754	-0.044594451785087585	-0.01908225193619728
-0.04831313341856003	-0.07910654693841934	-0.0007075541070662439
-0.04823228716850281	-0.09920638054609299	0.0381937250494957
0.07942815870046616	0.08503268659114838	0.0651690661907196
0.017461350187659264	0.06407180428504944	0.07306075096130371
-0.04301793873310089	-0.0027445582672953606	-9.070350643014535e-05
-0.000360948994057253	-0.0626150369644165	-0.04620908573269844
-0.006957588717341423	0.032318077981472015	-0.06971623003482819
-0.0762033760547638	-0.038871124386787415	0.0024980681482702494
-0.003930661827325821	-0.003709315788000822	0.06615722179412842
0.041141755878925323	-0.09402734041213989	-0.04960407316684723
-0.08955992758274078	-0.07186148315668106	0.015851760283112526
-0.02190488576889038	-0.021523820236325264	0.05018766596913338
-0.08710800856351852	0.09380757063627243	-0.03256678953766823
0.004112502560019493	-0.01419934444129467	0.0026819563936442137
-0.05788800120353699	-0.07349640130996704	-0.03232898190617561
0.058419208973646164	0.09705573320388794	0.08237213641405106
0.0015825447626411915	-0.07252008467912674	-0.07819164544343948
0.08979356288909912	-0.01711246930062771	-0.0892716571688652
0.06131604313850403	-0.06596389412879944	0.055342305451631546
0.09871409088373184	-0.01367888506501913	0.09452060610055923
-0.08482062816619873	-0.014962847344577312	0.06385740637779236
0.09602691233158112	-0.0555705688893795	-0.09882799535989761
0.07487466186285019	-0.048685647547245026	-0.04528122395277023
0.013594919815659523	-0.017618361860513687	0.025669816881418228
-0.028788315132260323	-0.024867301806807518	0.07743554562330246
0.08490607142448425	0.07943904399871826	0.0092452522367239
-0.07643228024244308	-0.08188434690237045	0.021166473627090454
-0.054770585149526596	0.026769720017910004	0.035246945917606354
-0.09752742946147919	-0.015611095353960991	-0.05597877502441406
-0.08469660580158234	-0.007317600771784782	0.07466438412666321
-0.05205746367573738	0.07444353401660919	-5.895095455343835e-05
0.09632991999387741	0.018431704491376877	-0.07780847698450089
-0.0061435941606760025	-0.06343568861484528	0.044548846781253815
-0.052841078490018845	0.008349142037332058	0.0036325801629573107
-0.08306905627250671	-0.014104041270911694	-0.07909132540225983
-0.000308563350699842	0.07135029137134552	0.007586617022752762
0.07877111434936523	-0.05534413456916809	0.017714165151119232
0.00701935263350606	-0.013406964018940926	-0.04296190291643143
-0.09045109897851944	0.04708801582455635	0.04834756627678871
0.06131838634610176	0.09219876676797867	0.07684822380542755
-0.04057896509766579	0.09400517493486404	-0.013418248854577541
-0.04998018592596054	0.06114894524216652	-0.012470955960452557
0.0053178006783127785	0.007969461381435394	-0.03914038836956024
0.02227807603776455	-0.009012594819068909	0.06833087652921677
-0.01277310959994793	0.08731904625892639	0.07170867919921875
0.07282786816358566	0.035804323852062225	0.07031004875898361
-0.06846767663955688	0.00033225194783881307	-0.04401903226971626
-0.028481122106313705	-0.00790672842413187	-0.07254508882761002
-0.010632965713739395	-0.09446369856595993	0.07847312837839127
-0.017736027017235756	0.010713627561926842	-0.01982344128191471
-0.057215914130210876	-0.0626944825053215	-0.007133169565349817
0.07781875133514404	0.05618257820606232	-0.08394023030996323
-0.044990599155426025	-0.07880271226167679	-0.08375345170497894
0.0038371828850358725	0.09056444466114044	-0.051480814814567566
0.07914801687002182	-0.06988223642110825	-0.008603152818977833
-0.004976250696927309	-0.08915682137012482	0.036869682371616364
-0.08901826292276382	-0.082623191177845	-0.026118777692317963
0.025265809148550034	-0.09583546221256256	-0.039490245282649994
0.04843228682875633	-0.05200088396668434	0.0744272917509079
0.05637090280652046	-0.09451516717672348	0.09855931252241135
0.09013102203607559	-0.05266578868031502	0.09353896230459213
-0.09473071247339249	-0.05800430849194527	-0.037527330219745636
0.06981555372476578	-0.04161820560693741	0.07873350381851196
-0.04545273259282112	-0.07450316846370697	-0.01955195516347885
-0.021710701286792755	0.015980733558535576	-0.054680973291397095
-0.0811963900923729	-0.07421024888753891	-0.011316400952637196
-0.03871970251202583	-0.004220303613692522	0.06692682206630707
-0.08790871500968933	0.09376515448093414	-0.026549052447080612
0.014628918841481209	-0.002294379286468029	-0.08183576166629791
-0.004536534193903208	-0.01893053762614727	-0.0834568440914154
-0.023055534809827805	0.08077912032604218	-0.08325137943029404
0.017470436170697212	-0.042142435908317566	-0.09103354811668396
-0.09857720136642456	-0.001260637422092259	0.03567197918891907
-0.05299447849392891	-0.006457320414483547	0.042065661400556564
0.026950372382998466	-0.023995131254196167	-0.09642309695482254
-0.014814266003668308	0.060389190912246704	-0.0692630261182785
-0.08683223277330399	-0.04692854359745979	0.02719533070921898
0.05418933928012848	0.028465667739510536	0.028091762214899063
0.09844807535409927	-0.017327331006526947	-0.0655827522277832
0.06850440055131912	0.04542868584394455	-0.028096072375774384
-0.07002242654561996	0.06437577307224274	-0.05518082156777382
0.05907100439071655	0.010948366485536098	0.040788814425468445
-0.026771416887640953	0.0972478836774826	0.08824485540390015
-0.07559836655855179	0.08447881042957306	-0.0034192553721368313
-0.0008236123248934746	-0.001463374705053866	0.04023193567991257
0.03821370005607605	0.05112060531973839	-0.027518078684806824
-0.08936822414398193	-0.047896623611450195	-0.04225114360451698
0.026658616960048676	-0.02132399193942547	0.09482003003358841
-0.09807799011468887	-0.04116176813840866	0.09563122689723969
0.07753632217645645	-0.07686450332403183	0.059656206518411636
0.07956141233444214	0.05090039223432541	-0.021216144785284996
-0.07619446516036987	0.023702075704932213	-0.08945142477750778
-0.01586228981614113	0.097901850938797	0.04675556719303131
-0.03413652256131172	-0.002664137864485383	-0.030972914770245552
-0.006481707561761141	-0.036251001060009	-0.019993433728814125
-0.07534489035606384	-0.05208718404173851	-0.07388158142566681
0.03833693265914917	0.06495823711156845	0.09997984021902084
-0.006852016784250736	0.06852338463068008	0.02023586630821228
-0.015689276158809662	-0.054690953344106674	-0.012569400481879711
0.040424246340990067	0.02007865533232689	0.03899712860584259
0.006016121245920658	-0.0021579544991254807	-0.04396870359778404
0.029739895835518837	0.056865207850933075	0.07977772504091263
0.025330543518066406	-0.040387313812971115	-0.013377967290580273
-0.04209671914577484	0.043695077300071716	0.08674890547990799
0.08031803369522095	-0.08855492621660233	0.07416389137506485
-0.08583983033895493	0.06727153807878494	0.029650570824742317
-0.03579527884721756	0.006078526843339205	-0.08095141500234604
-0.052697617560625076	-0.09011673182249069	-0.05500247702002525
0.07652352750301361	-0.06625152379274368	-0.09298175573348999
0.019378148019313812	-0.060715414583683014	-0.014797995798289776
-0.0885905995965004	0.06883030384778976	-0.021571336314082146
-0.03864661604166031	0.09186337143182755	-0.01171043049544096
0.002381877740845084	0.07728607207536697	-0.08856833726167679
0.06865958869457245	-0.08542424440383911	0.09768426418304443
-0.09095103293657303	0.03766331076622009	-0.06970798224210739
-0.07354868203401566	0.0914096012711525	0.058365657925605774
-0.0194647666066885	0.06397710740566254	0.09514198452234268
-1.7736216250341386e-05	0.008187782019376755	0.07441640645265579
0.0200026948004961	0.06259004026651382	0.028681129217147827
-0.06255768239498138	-0.04915521666407585	0.08554340153932571
0.0719650462269783	-0.00378740718588233	-0.08712344616651535
0.04665796458721161	-0.060786958783864975	-0.08429952710866928
-0.08310241997241974	-0.010225771926343441	0.043918266892433167
-0.028046978637576103	0.09719209372997284	-0.0623440183699131
0.021005108952522278	-0.04928574338555336	-0.016500206664204597
-0.01566852629184723	-0.02863689512014389	-0.01176796481013298
0.06601462513208389	0.021005043759942055	0.08897031843662262
0.05405385047197342	0.07650775462388992	-0.05454082414507866
-0.06783771514892578	-0.08190841227769852	-0.022041281685233116
-0.06979953497648239	0.012086043134331703	-0.017684930935502052
0.09525120258331299	0.053182248026132584	0.0021379084791988134
-0.046609438955783844	0.010782112367451191	0.06716771423816681
0.010771935805678368	-0.01388777606189251	-0.05268296226859093
0.0313933826982975	0.06309670209884644	-0.08199150860309601
-0.027313556522130966	-0.06803981959819794	-0.07346811145544052
0.03631339594721794	-0.07208830863237381	-0.014100118540227413
0.023561600595712662	0.021220136433839798	0.08871253579854965
0.01700812764465809	0.014779423363506794	0.021381665021181107
0.06129281595349312	0.024557514116168022	0.05595502629876137
0.025914624333381653	0.0001787095534382388	-0.04039273038506508
-0.024950258433818817	-0.033104825764894485	0.064886175096035
-0.003763550892472267	0.06335728615522385	0.04210171848535538
0.022009406238794327	0.0880897045135498	-0.08453081548213959
0.04192401468753815	0.05634570121765137	0.07239636778831482
-0.06593446433544159	-0.00977799016982317	0.02870098687708378
0.021089890971779823	-0.09000808000564575	-0.00011178088607266545
-0.09455295652151108	-0.0025290667545050383	-0.0060172961093485355
-0.09877694398164749	-0.07421345263719559	-0.06427023559808731
0.0959513708949089	0.08834195137023926	0.07217669486999512
-0.05924905464053154	-0.09674739092588425	0.05835382267832756
0.0038186542224138975	-0.08323545008897781	0.009765908122062683
0.06103316694498062	0.09847083687782288	-0.047232020646333694
-0.045837320387363434	-0.001617518486455083	-0.08910156041383743
-0.02656557783484459	0.056391097605228424	0.02265639789402485
-0.05903979763388634	-0.011299189180135727	-0.0008307384559884667
-0.09541456401348114	0.009913001209497452	-0.08002904802560806
-0.03195410594344139	-0.08808594197034836	-0.05570189654827118
0.09837638586759567	-0.06241818144917488	0.0023675947450101376
0.07265219837427139	-0.02510654740035534	0.03029969520866871
-0.012268698774278164	0.09432113170623779	-0.04001450911164284
0.0007333047688007355	-0.013104868121445179	-0.050060540437698364
-0.030510295182466507	0.023127427324652672	0.03003501519560814
-0.01830901950597763	-0.04115797206759453	0.07773244380950928
0.007129541598260403	-0.04403353109955788	-0.025896793231368065
-0.0245964378118515	0.03512498363852501	0.06116306036710739
-0.08309699594974518	0.08655901253223419	0.05614423751831055
0.05237368121743202	0.015920422971248627	0.024894827976822853
0.04175373166799545	-0.04810382053256035	0.02518385276198387
0.09103278070688248	0.027033837512135506	-0.08907802402973175
0.09394016116857529	-0.025136727839708328	-0.05492819845676422
0.020067507401108742	-0.073222815990448	0.08198145031929016
0.06029675900936127	-0.09149491041898727	-0.09990516304969788
0.06950347125530243	0.06791342049837112	0.07416215538978577
-21.766719818115234	11.5381441116333	-4.4855217933654785
24.83592414855957	-7.5014214515686035	8.85646915435791
11.605138778686523	31.523597717285156	-20.314212799072266
-0.07706987857818604	-37.98940658569336	39.029998779296875
-30.01460075378418	29.310476303100586	-24.547607421875
29.932514190673828	-27.055879592895508	12.035637855529785
-23.320804595947266	0.42360028624534607	-3.6760618686676025
-31.517356872558594	1.8780323266983032	-2.3426449298858643
-7.114742279052734	-12.5731782913208	-0.9600327610969543
-5.586105823516846	20.011009216308594	31.075651168823242
7.925410747528076	-35.11759948730469	9.15373706817627
-34.3941764831543	-5.3402485847473145	-3.6710705757141113
9.846945762634277	-21.631099700927734	-11.52726936340332
32.063690185546875	-9.961820602416992	-26.975996017456055
16.885225296020508	-20.955373764038086	20.60872459411621
-22.403682708740234	10.879067420959473	28.509498596191406
23.51671028137207	-37.790382385253906	10.729228019714355
25.77402114868164	-19.107479095458984	39.015960693359375
-15.669431686401367	-30.360977172851562	11.512298583984375
-5.767563343048096	34.375125885009766	17.197160720825195
-37.74406814575195	-25.30875015258789	-19.718740463256836
-8.613672256469727	31.875986099243164	-9.200582504272461
0.34235867857933044	-1.7891724109649658	11.270030975341797
28.901235580444336	-35.34732437133789	38.8061637878418
22.563182830810547	-12.33181381225586	23.62054443359375
-12.460976600646973	28.133657455444336	19.21753692626953
36.55851745605469	26.931472778320312	5.196500778198242
36.421566009521484	-1.8144241571426392	-20.538740158081055
1.5922893285751343	-18.59519386291504	7.799432754516602
-9.097798347473145	-33.494197845458984	21.17885971069336
-36.200355529785156	35.12260055541992	9.006010055541992
23.269166946411133	21.53498649597168	37.755104064941406
-6.973758220672607	-17.767330169677734	32.34156799316406
-13.635106086730957	23.754438400268555	-5.142638683319092
-7.727339744567871	30.83170509338379	27.07621955871582
-4.839934349060059	-0.99021315574646	31.89017677307129
-30.97178840637207	-38.209712982177734	-18.207950592041016
-18.968101501464844	-35.089290618896484	4.703022003173828
20.60588836669922	-38.036407470703125	-35.734222412109375
7.515336513519287	20.027950286865234	-32.2929573059082
14.360511779785156	-2.737208604812622	37.963314056396484
-28.767250061035156	-17.42284393310547	1.6548327207565308
9.458698272705078	-24.732324600219727	27.54884147644043
-13.389720916748047	30.477052688598633	25.218564987182617
-25.604467391967773	-14.652647018432617	-21.05786895751953
25.019752502441406	-29.381425857543945	16.274381637573242
30.756668090820312	21.61741828918457	-33.862003326416016
21.885101318359375	30.593425750732422	-20.058284759521484
-32.531654357910156	-38.45662307739258	11.487686157226562
6.890190601348877	-12.219953536987305	9.212089538574219
6.82682466506958	-21.060192108154297	5.4320831298828125
-6.937345027923584	26.176090240478516	-36.121612548828125
17.522544860839844	39.24368667602539	25.320327758789062
29.65533447265625	-32.52311706542969	9.926406860351562
38.663368225097656	4.814052581787109	4.49046516418457
-6.260555267333984	-19.021848678588867	-30.338441848754883
19.061899185180664	1.6159847974777222	28.0767765045166
-19.903841018676758	-29.880218505859375	6.97001838684082
37.831058502197266	33.942195892333984	-26.51848602294922
22.00921630859375	2.248682737350464	-12.894899368286133
27.63566017150879	18.283906936645508	-4.990751266479492
13.060178756713867	-16.04801368713379	-28.44244956970215
19.584802627563477	26.08951759338379	31.586565017700195
17.76202964782715	-31.12419891357422	-14.621482849121094
-18.753726959228516	11.861403465270996	26.433168411254883
32.06019592285156	16.95016098022461	11.872142791748047
35.71049880981445	-20.67507553100586	-13.347267150878906
36.49460983276367	11.434441566467285	30.785917282104492
-8.636344909667969	30.679731369018555	2.9548873901367188
13.169371604919434	15.978282928466797	-4.019160747528076
33.22532653808594	-39.67869186401367	-13.317008972167969
16.177406311035156	-3.687685966491699	-3.5120849609375
-20.086566925048828	-11.222580909729004	34.26005172729492
39.65238952636719	19.562498092651367	-10.094767570495605
10.678858757019043	35.51836395263672	32.03847122192383
-24.651466369628906	-13.134576797485352	-15.0731840133667
3.7189958095550537	-29.46764373779297	26.365915298461914
-24.79917335510254	28.073183059692383	-22.04732894897461
34.41183090209961	11.077669143676758	-20.574689865112305
16.241207122802734	-8.615704536437988	15.593816757202148
22.260271072387695	-25.821155548095703	1.3920142650604248
21.817123413085938	2.9312217235565186	13.772395133972168
2.0531344413757324	6.212031364440918	9.91169548034668
34.31124496459961	28.07468032836914	-35.80681610107422
-15.298606872558594	5.7714457511901855	-19.89414405822754
-23.406408309936523	-24.938756942749023	-5.980167388916016
-28.68497085571289	-37.196109771728516	-35.94945526123047
26.474706649780273	1.7246772050857544	13.542537689208984
14.453333854675293	10.177566528320312	26.210376739501953
-30.610498428344727	-0.7720357775688171	-38.03058624267578
-30.00237464904785	3.7369496822357178	30.675352096557617
19.29053497314453	-11.426023483276367	-16.999507904052734
-26.003355026245117	-31.79600715637207	34.0222282409668
31.717300415039062	-26.614238739013672	-32.827476501464844
24.11156463623047	23.039846420288086	37.911434173583984
-12.628936767578125	28.378129959106445	6.550477981567383
33.97835922241211	-22.50215721130371	7.563041687011719
-34.901283264160156	-38.628421783447266	9.046942710876465
-17.642253875732422	37.07377624511719	14.18614673614502
-1.764371395111084	-16.290189743041992	18.584030151367188
12.9636869430542	-22.65742301940918	29.473299026489258
19.149160385131836	-37.59923553466797	14.603510856628418
-12.506292343139648	23.768117904663086	-33.25194549560547
-19.086877822875977	-39.396018981933594	-15.009029388427734
9.929510116577148	-27.161230087280273	6.883169651031494
23.47231674194336	-38.364662170410156	13.269120216369629
17.28536033630371	-7.11675500869751	-11.610268592834473
-36.44489288330078	17.746967315673828	7.834286212921143
-35.79431915283203	5.838276386260986	22.585458755493164
21.394241333007812	12.326868057250977	1.792174220085144
36.748661041259766	19.48279571533203	21.768774032592773
36.04167938232422	7.026822090148926	21.36301612854004
-5.027681827545166	26.965595245361328	-17.131107330322266
-23.25353240966797	7.883742809295654	34.5805778503418
21.337017059326172	0.877012312412262	-22.53984260559082
-19.796245574951172	25.797426223754883	-23.33509063720703
33.367305755615234	5.789314270019531	-34.77669906616211
8.915960311889648	18.776174545288086	20.4455623626709
21.08049964904785	-30.5282039642334	-22.246294021606445
32.38007354736328	39.753238677978516	-27.928611755371094
-31.448789596557617	-3.6488945484161377	-24.062334060668945
29.293954849243164	28.195301055908203	3.583953380584717
-38.54887008666992	31.769378662109375	24.37308120727539
27.503171920776367	-21.52728271484375	35.98048400878906
-3.196423053741455	36.683597564697266	30.526731491088867
11.761641502380371	-39.85637283325195	24.838335037231445
-6.733221054077148	-26.873214721679688	18.25615882873535
-39.79208755493164	29.50468635559082	32.032073974609375
17.8806095123291	-29.406137466430664	27.33415412902832
-36.0087776184082	10.36898136138916	11.73381519317627
-27.674049377441406	3.597576141357422	-0.8159596920013428
-32.88286590576172	-2.19295334815979	16.35498046875
-30.77061653137207	-37.88279724121094	0.01869160495698452
28.344985961914062	-23.709514617919922	-25.84638786315918
13.484933853149414	35.709571838378906	-13.289299011230469
-0.8218260407447815	-18.508323669433594	-27.941930770874023
25.74905014038086	-9.451682090759277	4.9933762550354
-8.74242877960205	-25.199251174926758	-31.753036499023438
15.097895622253418	38.16543960571289	-22.866479873657227
3.2470715045928955	-14.593245506286621	39.97804641723633
12.10083293914795	21.421422958374023	-29.024980545043945
-11.763667106628418	26.820640563964844	1.7638591527938843
17.984132766723633	-30.266555786132812	-4.841686248779297
-33.9161376953125	-33.19332504272461	-29.939559936523438
27.210662841796875	-9.54534912109375	-4.395766258239746
-22.363964080810547	13.255189895629883	-37.7714729309082
19.99951934814453	-2.7461063861846924	37.03141784667969
13.195137023925781	-19.440120697021484	6.854416370391846
32.330108642578125	-23.9742488861084	-4.6763410568237305
-18.402721405029297	37.57146072387695	4.9051103591918945
-24.066608428955078	26.6700439453125	-21.054134368896484
-5.501135349273682	3.2999653816223145	17.063396453857422
7.225166320800781	1.2018646001815796	-10.76714038848877
-16.175518035888672	-5.103280544281006	-12.351776123046875
-26.87047004699707	-22.55704116821289	37.47509002685547
23.200456619262695	-10.819117546081543	-19.72113609313965
-7.576784133911133	-35.884700775146484	21.993362426757812
7.824239253997803	2.3525147438049316	-1.345585823059082
-18.988929748535156	-14.036188125610352	-23.123409271240234
-28.5208797454834	29.39837074279785	-24.165184020996094
-38.932952880859375	22.971162796020508	-37.747623443603516
-39.69627380371094	-22.79998016357422	-18.03403091430664
16.43706703186035	-16.972864151000977	-32.794151306152344
-9.666930198669434	-24.781770706176758	-3.205440044403076
-4.775210380554199	-39.76927185058594	36.69939041137695
-37.92214584350586	-30.59023094177246	-9.32762622833252
-3.4216556549072266	18.748992919921875	31.70720863342285
8.97652816772461	-31.073442459106445	8.968892097473145
-39.77706527709961	2.3457117080688477	-21.257863998413086
-39.94729995727539	12.295145034790039	33.979774475097656
3.6294710636138916	36.84579086303711	23.233333587646484
13.621383666992188	-24.839025497436523	5.167117595672607
-3.5637569427490234	16.37919044494629	-32.7294921875
-32.1774787902832	-6.12255859375	-28.48952293395996
-35.25553512573242	-2.014597177505493	25.786699295043945
12.810962677001953	2.819673538208008	-22.4019775390625
-7.9895195960998535	-9.064971923828125	0.7218756675720215
-6.952072620391846	-19.26523208618164	39.809364318847656
-18.894248962402344	8.085180282592773	-11.311396598815918
26.33424186706543	11.587010383605957	-23.049272537231445
-3.5279905796051025	27.073123931884766	11.75576114654541
2.41332745552063	-9.154064178466797	16.827293395996094
-19.775609970092773	13.064915657043457	33.140968322753906
33.65337371826172	-14.765995979309082	30.517024993896484
11.349169731140137	-35.51692199707031	-9.12617015838623
-6.9710164070129395	-10.099366188049316	-24.831214904785156
25.29572105407715	9.448311805725098	-38.933589935302734
-9.778460502624512	-6.5589423179626465	-32.120235443115234
-38.84845733642578	-22.30099105834961	3.4218084812164307
-23.034034729003906	-11.722347259521484	-5.383545398712158
24.839235305786133	-33.269344329833984	-19.12925148010254
-4.672301292419434	30.045352935791016	18.183795928955078
30.659833908081055	33.901432037353516	21.62571907043457
-38.6993522644043	-7.442978858947754	-26.311420440673828
27.812719345092773	33.682579040527344	9.053539276123047
32.66032791137695	24.58465003967285	36.08081817626953
-32.25969314575195	-19.074005126953125	-29.190832138061523
-31.286550521850586	-20.222009658813477	33.725006103515625
36.956634521484375	-6.326793193817139	13.289948463439941
-27.311683654785156	2.613022565841675	9.566180229187012
33.140010833740234	25.770015716552734	8.105193138122559
-10.47260570526123	-39.85887908935547	29.98227882385254
3.0320873260498047	19.42620277404785	-0.7903254628181458
13.748503684997559	-14.019432067871094	36.051177978515625
-15.28519058227539	8.572296142578125	4.141872882843018
11.945605278015137	-17.493865966796875	-31.319232940673828
3.0845603942871094	11.223958015441895	37.01299285888672
-20.08934783935547	6.031770706176758	15.566001892089844
-27.07223892211914	-11.602108001708984	4.445398807525635
-6.071746826171875	17.158363342285156	-3.832521438598633
-34.84260940551758	3.9973669052124023	-4.0090155601501465
4.13737678527832	-0.8007621765136719	38.84757614135742
-37.67402267456055	-28.668535232543945	-9.034111022949219
-15.946904182434082	6.062990665435791	-1.4594792127609253
-6.0561723709106445	3.803209066390991	26.1024112701416
-3.2941765785217285	25.274568557739258	28.279287338256836
12.91835880279541	25.871274948120117	-5.385127544403076
-2.0287399291992188	26.269731521606445	35.20960998535156
-2.1629817485809326	-5.159305095672607	37.067752838134766
-2.4696128368377686	-36.31150436401367	-34.69862365722656
37.382164001464844	3.870645761489868	-21.67823028564453
-27.802337646484375	-19.09882926940918	-10.909540176391602
-23.42780303955078	34.060306549072266	-27.145278930664062
-21.476015090942383	19.999177932739258	9.691779136657715
-12.648539543151855	14.724339485168457	-31.636960983276367
26.899765014648438	13.30652904510498	-19.444650650024414
36.17327117919922	-36.40597915649414	19.243370056152344
-20.62751579284668	-23.8038330078125	31.53005599975586
-22.317983627319336	18.825115203857422	-1.0146839618682861
-38.452091217041016	-7.495014190673828	-25.818382263183594
-18.068532943725586	24.910852432250977	-6.741448402404785
13.870292663574219	-27.17525863647461	10.50503158569336
32.04363250732422	26.492393493652344	3.8831522464752197
38.41130828857422	-7.801621913909912	-21.78353500366211
35.7148551940918	34.68489456176758	-19.14577293395996
15.605684280395508	10.341192245483398	0.5892022848129272
-18.7623348236084	24.137962341308594	-12.325925827026367
8.575813293457031	22.025819778442383	22.737207412719727
-28.6593074798584	5.163585662841797	-24.661922454833984
-31.530685424804688	-39.49327850341797	10.290726661682129
39.32296371459961	-34.06632614135742	27.36639404296875
-0.5556290745735168	-1.0786229372024536	36.31732940673828
-7.771391868591309	25.17792510986328	29.966733932495117
-1.1908342838287354	-25.379850387573242	13.49276065826416
20.144763946533203	-10.978044509887695	18.440628051757812
3.2449188232421875	13.050509452819824	5.9879679679870605
18.891286849975586	-6.784762382507324	-39.34790802001953
-38.73943328857422	20.895498275756836	-33.45574188232422
35.87382125854492	34.7880744934082	-21.26983642578125
26.661151885986328	13.21143913269043	7.552659034729004
31.493492126464844	30.18800163269043	-30.054880142211914
-8.257545471191406	6.715260028839111	-19.283105850219727
-7.5049729347229	4.914462089538574	-36.135955810546875
2.6306228637695312	-8.878578186035156	-35.49671936035156
32.070823669433594	7.072105884552002	-37.457523345947266
33.1136589050293	-34.42584228515625	7.999897480010986
25.614566802978516	33.7889289855957	22.70754623413086
1.7538617849349976	38.58070755004883	16.57260513305664
-13.110820770263672	38.55846405029297	-19.72429656982422
-35.69294738769531	17.360177993774414	-36.50276184082031
-22.534040451049805	-3.9937524795532227	-3.9057202339172363
-39.33437728881836	-32.980812072753906	-6.2451958656311035
-39.08502960205078	-23.442890167236328	6.030049800872803
-5.61791467666626	-25.322389602661133	25.656326293945312
15.21727466583252	-31.27879524230957	39.57392120361328
20.630992889404297	27.334836959838867	38.31391906738281
5.3197760581970215	6.273898124694824	38.478729248046875
-33.804100036621094	-18.68541145324707	2.0504186153411865
22.0859375	-6.000277996063232	-2.972620964050293
-27.88072395324707	29.33578109741211	-22.966203689575195
13.459296226501465	-17.567140579223633	-32.17470169067383
3.4807708263397217	29.903839111328125	10.945833206176758
-21.580455780029297	-36.19255065917969	18.477149963378906
28.52967071533203	26.754566192626953	24.02476692199707
-26.617069244384766	33.571800231933594	27.88850975036621
11.205204010009766	38.953407287597656	24.38637924194336
32.95375442504883	-28.397916793823242	2.8296005725860596
-23.294036865234375	2.9078540802001953	16.136878967285156
-39.69638442993164	5.916790962219238	-7.113735675811768
-39.47589111328125	35.38189697265625	-1.7995543479919434
5.401401042938232	-29.181556701660156	9.875757217407227
-31.12352752685547	4.106905460357666	-7.9061689376831055
26.10852813720703	-6.62220573425293	12.503348350524902
-29.72597885131836	29.296749114990234	21.78621482849121
-37.866214752197266	-38.957923889160156	31.610158920288086
-6.588744640350342	-16.786319732666016	-18.928131103515625
17.939373016357422	15.97679615020752	38.48561477661133
-9.558295249938965	-10.959020614624023	36.44890594482422
12.7701416015625	8.393969535827637	16.780498504638672
-37.747440338134766	-13.61900806427002	-38.81501770019531
35.05657958984375	30.688838958740234	15.083664894104004
19.26337432861328	11.346616744995117	-26.688335418701172
-34.662086486816406	-34.11701583862305	-8.941649436950684
8.725594520568848	-5.207852840423584	-33.43070983886719
37.278160095214844	19.25227928161621	-27.000621795654297
35.38190841674805	-35.67387771606445	16.888065338134766
-24.742887496948242	16.527589797973633	-12.227984428405762
24.276954650878906	9.19107437133789	29.517183303833008
29.839651107788086	28.684986114501953	11.63552188873291
-23.903146743774414	3.431891918182373	-3.810774087905884
5.845272064208984	37.705875396728516	-22.617589950561523
14.304464340209961	4.329799652099609	21.80714225769043
4.745090484619141	16.39350128173828	38.79216003417969
-15.966236114501953	-30.899372100830078	12.938262939453125
34.11174011230469	-37.65498352050781	-5.11389684677124
-32.656707763671875	6.39409065246582	16.06187629699707
-29.998458862304688	1.8900362253189087	13.55998706817627
-8.52849292755127	-1.7074658870697021	14.600835800170898
22.291385650634766	-25.237590789794922	-26.230915069580078
-14.646549224853516	-8.367466926574707	8.133913040161133
-4.170506954193115	38.49782943725586	-6.319887161254883
-6.747121810913086	23.664270401000977	-37.32524108886719
-12.197686195373535	-24.368555068969727	21.146530151367188
-20.592557907104492	36.64951705932617	-2.7932498455047607
8.008889198303223	-5.914628505706787	39.649017333984375
-12.289306640625	-9.929560661315918	6.318960189819336
5.069899082183838	-3.926118850708008	-3.281926393508911
-19.592391967773438	-17.93572425842285	-26.994247436523438
-29.208221435546875	19.241443634033203	3.763392925262451
0.9668716788291931	20.315988540649414	17.6427001953125
32.99945068359375	9.406556129455566	-12.699719429016113
-19.93706512451172	17.418100357055664	-11.005727767944336
22.60329818725586	-30.220321655273438	17.676698684692383
-2.0601305961608887	16.986194610595703	25.53078269958496
-7.650298118591309	29.697656631469727	11.725444793701172
-14.685758590698242	-8.447284698486328	-7.875809192657471
-22.71181869506836	35.3714599609375	-18.75431251525879
-28.594839096069336	15.669193267822266	-35.35824966430664
-23.844850540161133	-4.810131072998047	-16.498472213745117
27.620798110961914	-19.128870010375977	37.71187973022461
-35.98435974121094	24.657991409301758	-7.375705242156982
30.514341354370117	20.312881469726562	20.588899612426758
-12.429415702819824	-16.275484085083008	36.895503997802734
6.238531589508057	27.834718704223633	-29.277118682861328
23.397315979003906	11.923348426818848	23.47878646850586
27.739437103271484	16.895387649536133	-17.954906463623047
-11.222125053405762	22.257055282592773	7.697094917297363
16.562225341796875	-27.774463653564453	-20.987932205200195
-7.077549457550049	21.532238006591797	7.571447849273682
14.272964477539062	34.89280319213867	-13.558026313781738
-39.20409393310547	28.112356185913086	-33.6867561340332
-27.91970443725586	24.61634063720703	-17.725263595581055
5.728260517120361	-38.410770416259766	-12.155207633972168
-23.53179359436035	-37.052005767822266	-31.30950355529785
16.87734603881836	1.7297154664993286	-26.436017990112305
-24.36215591430664	-20.524524688720703	26.86775016784668
31.760820388793945	-33.99552917480469	-32.72053909301758
5.045477867126465	28.617033004760742	-37.32235336303711
-2.7647855281829834	-25.662755966186523	34.440330505371094
-30.789411544799805	-28.714292526245117	-28.551176071166992
11.116095542907715	-29.88921356201172	25.090578079223633
11.703313827514648	-25.89873504638672	-1.5564444065093994
10.896157264709473	-8.287649154663086	-16.502256393432617
12.794095993041992	26.142194747924805	29.41950798034668
-4.482676982879639	21.988492965698242	-3.7365188598632812
-35.58013916015625	16.875099182128906	15.729065895080566
20.79599380493164	-12.992220878601074	3.4902801513671875
3.5394933223724365	29.65977668762207	-35.840065002441406
12.744427680969238	39.576629638671875	28.912960052490234
15.90503215789795	33.75550079345703	-36.11423873901367
-36.69252395629883	-33.38865280151367	22.282329559326172
-26.085283279418945	6.545991897583008	36.66962814331055
-32.82674789428711	12.246838569641113	13.432778358459473
25.744871139526367	-39.840789794921875	-24.161846160888672
27.555614471435547	-22.13119888305664	-30.247283935546875
-3.7571423053741455	19.995210647583008	3.3076887130737305
-21.784069061279297	-25.652660369873047	25.522079467773438
-26.917016983032227	21.506071090698242	-28.75836944580078
35.32018280029297	-28.52161979675293	6.617160320281982
-27.370691299438477	-5.152437210083008	-22.665904998779297
-31.679866790771484	-3.2311606407165527	-8.376029968261719
-11.32458782196045	-5.111036777496338	21.217134475708008
-0.9032403230667114	21.40525245666504	-22.09670066833496
19.002948760986328	-20.938188552856445	-12.399612426757812
5.219900131225586	12.918498992919922	15.49153995513916
5.1642866134643555	29.84253692626953	-36.2413215637207
-6.398694038391113	14.191912651062012	-13.4122314453125
37.61554718017578	18.22394561767578	-39.2739143371582
6.534267902374268	-15.747215270996094	11.021839141845703
-32.57551193237305	10.688226699829102	39.753761291503906
38.65260314941406	-7.3499064445495605	-11.807826042175293
31.760732650756836	-10.517196655273438	7.391483783721924
3.8122780323028564	-32.56707763671875	-29.19338607788086
2.369798183441162	30.971479415893555	5.450268268585205
5.239194393157959	-20.59873390197754	-28.23147964477539
26.62053871154785	-11.056581497192383	-38.54392623901367
-27.435697555541992	-1.255703091621399	-8.433868408203125
-11.232491493225098	21.75327491760254	-22.759220123291016
-17.634004592895508	-33.70627975463867	-7.563730239868164
-33.03662872314453	32.93648147583008	29.022768020629883
-17.16860580444336	15.589709281921387	39.28580093383789
-21.823345184326172	-26.510135650634766	-9.976613998413086
6.410295009613037	-12.128840446472168	6.499716281890869
27.347288131713867	11.1564359664917	28.410968780517578
-1.9356743097305298	11.581270217895508	-36.15821838378906
6.061476230621338	6.554983139038086	-15.410862922668457
11.49824333190918	-29.261499404907227	28.841341018676758
18.74776840209961	32.546871185302734	17.724130630493164
-8.340495109558105	15.553613662719727	18.98918342590332
-10.999650955200195	1.8662891387939453	39.08994674682617
21.673728942871094	-21.40083122253418	-7.823211669921875
-7.501780986785889	39.84786605834961	-19.755573272705078
15.909106254577637	-27.301406860351562	16.258573532104492
38.86572265625	-21.01494026184082	19.794370651245117
17.06414222717285	-6.740017414093018	36.170230865478516
-30.677490234375	-16.664016723632812	-6.50909948348999
10.276091575622559	32.81429672241211	-28.79902458190918
39.59598922729492	34.9754524230957	-34.80902862548828
8.13667106628418	-9.837990760803223	7.688020706176758
14.98936653137207	11.672348022460938	-17.10326385498047
-29.6293888092041	10.504439353942871	14.058405876159668
6.0658955574035645	-4.146395206451416	7.989349842071533
11.901025772094727	-13.746768951416016	24.163288116455078
1.6480475664138794	-15.032600402832031	2.970649003982544
26.69087028503418	-37.668495178222656	-25.714506149291992
-6.497694492340088	28.487228393554688	-38.77720642089844
-24.223697662353516	-26.40134620666504	-39.65095138549805
34.955963134765625	-8.483916282653809	-19.98832893371582
19.768329620361328	30.132919311523438	24.476423263549805
-2.610300064086914	18.8591251373291	9.709163665771484
-3.695740222930908	-11.249053955078125	-23.628332138061523
33.51978302001953	28.161638259887695	-24.281230926513672
30.468252182006836	-34.72095489501953	-8.799911499023438
-7.059288024902344	-3.9279115200042725	38.29045486450195
-12.938802719116211	-18.32157325744629	21.669950485229492
-7.609236717224121	-21.4427490234375	0.38446012139320374
-16.158266067504883	4.366552829742432	12.827299118041992
16.357131958007812	-32.564640045166016	19.61237335205078
-34.97257995605469	25.736196517944336	14.018828392028809
12.294241905212402	20.402259826660156	-34.18185806274414
-14.07736873626709	-36.19679260253906	-24.013065338134766
30.24153709411621	38.16194152832031	30.198955535888672
-8.723994255065918	-28.42854118347168	6.730313301086426
28.28912353515625	13.723166465759277	10.078514099121094
-6.283751964569092	-11.49403190612793	13.081497192382812
12.949661254882812	2.1782708168029785	22.252634048461914
-0.01692832075059414	-0.9761496782302856	-31.347623825073242
26.92581558227539	-12.500921249389648	-15.165706634521484
-30.255943298339844	30.81439781188965	-16.762359619140625
36.78483581542969	10.676645278930664	25.55387306213379
-13.559639930725098	12.456066131591797	-17.576045989990234
-12.489171981811523	-31.213777542114258	30.490280151367188
-11.623908996582031	20.013938903808594	24.252744674682617
12.399269104003906	23.33317756652832	15.347771644592285
-28.462589263916016	17.49709701538086	5.042702674865723
-29.28900909423828	-8.32796573638916	-36.50057601928711
-1.6799745559692383	-28.576065063476562	11.566734313964844
-28.019784927368164	5.925031661987305	-11.14327335357666
-5.1335225105285645	-13.405128479003906	-38.125465393066406
7.22990083694458	19.244304656982422	8.896110534667969
17.15213394165039	0.13856986165046692	-16.064956665039062
28.290611267089844	37.416656494140625	23.020654678344727
-15.089397430419922	21.353069305419922	-7.039261341094971
14.342164039611816	9.382683753967285	12.133249282836914
-0.2808622121810913	-35.977783203125	-22.558605194091797
-14.967188835144043	4.423619270324707	38.182594299316406
22.61661148071289	-24.050395965576172	6.001561164855957
16.83757781982422	-27.446807861328125	-37.76306915283203
-31.674945831298828	-39.41576385498047	-9.336150169372559
-13.543416023254395	33.11778259277344	-15.927508354187012
30.275007247924805	-15.831075668334961	23.122228622436523
35.56636428833008	-4.761111736297607	38.63019943237305
33.555747985839844	-2.2326576709747314	-33.429107666015625
6.316355228424072	19.84835433959961	-23.036529541015625
-38.7439079284668	20.5531005859375	-13.83230972290039
-21.308061599731445	-10.98732852935791	-30.536134719848633
-7.424477577209473	11.402868270874023	-1.7636361122131348
0.799038827419281	9.334149360656738	19.40390968322754
2.022345542907715	10.294465065002441	5.027647018432617
30.84381866455078	-12.238238334655762	-31.573713302612305
-8.604503631591797	-39.97218704223633	20.38543701171875
7.783383846282959	38.454734802246094	-12.451836585998535
1.7634814977645874	-1.980278730392456	-2.513701915740967
-22.920684814453125	-33.23432540893555	2.9508612155914307
-15.894551277160645	33.59658432006836	-22.16996955871582
12.727901458740234	-8.678579330444336	-7.214567184448242
-35.141136169433594	-30.94268226623535	-37.41090393066406
20.623140335083008	30.490602493286133	0.18176524341106415
-11.1790771484375	-28.958417892456055	24.458274841308594
33.03374481201172	9.613510131835938	-0.8907437324523926
25.431346893310547	-1.6454426050186157	-38.4117431640625
2.833130359649658	-31.383678436279297	15.00209903717041
39.0875358581543	11.624704360961914	-35.5753173828125
22.512929916381836	-5.418495178222656	0.9179363250732422
-3.764317750930786	-33.911766052246094	-1.8070310354232788
14.448498725891113	22.22029685974121	8.75497817993164
-9.908697128295898	24.824979782104492	-30.0412654876709
-38.56379699707031	22.72614860534668	-1.4429636001586914
36.65827178955078	38.33362579345703	-23.115671157836914
-29.878355026245117	-24.56533432006836	13.169717788696289
2.2674508094787598	-28.005817413330078	12.549023628234863
2.3376104831695557	20.098609924316406	-35.28528594970703
-1.93500816822052	2.4507944583892822	-32.285011291503906
21.64011001586914	23.22312355041504	-13.2427396774292
-1.4018858671188354	17.873638153076172	39.730831146240234
-21.852384567260742	32.562767028808594	25.37948226928711
12.411856651306152	-2.6382482051849365	6.068790435791016
-7.690292835235596	22.854673385620117	27.835494995117188
-21.09900665283203	31.857406616210938	39.290016174316406
-17.72997283935547	1.5624120235443115	22.63279914855957
9.276755332946777	-27.05116844177246	-10.552967071533203
-15.10456657409668	-4.749531269073486	-20.358171463012695
-31.54441261291504	-11.454360008239746	-6.559152126312256
36.16031265258789	20.97814178466797	-26.375104904174805
-13.833892822265625	38.79513931274414	10.160829544067383
12.975308418273926	-29.17983627319336	-20.369714736938477
30.060409545898438	-15.928000450134277	19.795654296875
29.999835968017578	13.282264709472656	-29.808815002441406
-0.26027289032936096	-27.912628173828125	1.5141947269439697
-16.037940979003906	-5.218896865844727	31.75470733642578
-16.53813362121582	-15.596933364868164	-12.944916725158691
34.06509780883789	19.697349548339844	28.469043731689453
14.114686965942383	-27.154470443725586	-33.80616760253906
2.5243680477142334	-20.97174835205078	34.766475677490234
20.725168228149414	-27.457624435424805	32.93708801269531
-23.54424285888672	-30.389122009277344	0.5582894086837769
-36.97983169555664	-30.67377471923828	0.395476758480072
-39.70174789428711	-27.4453067779541	-6.14090633392334
22.23784065246582	-1.1111282110214233	13.923639297485352
-28.92229652404785	-25.611892700195312	31.067514419555664
16.849647521972656	7.171779155731201	-29.845129013061523
-23.49246597290039	-38.314605712890625	33.332611083984375
14.681819915771484	33.209102630615234	-14.967484474182129
-0.5757324695587158	-18.576826095581055	-38.75728225708008
7.308435440063477	7.61774206161499	14.334585189819336
-27.801271438598633	7.2402472496032715	15.055840492248535
30.534955978393555	-25.900657653808594	7.280936241149902
26.883750915527344	-18.406940460205078	-17.019731521606445
-12.384137153625488	-22.605302810668945	-17.843442916870117
-20.416223526000977	2.6543078422546387	-25.93964958190918
-4.433131694793701	20.53275489807129	14.523975372314453
-37.4163818359375	20.637174606323242	-21.94991111755371
-36.903072357177734	-20.2978572845459	15.59456729888916
31.73474884033203	14.522385597229004	8.209295272827148
9.677383422851562	-27.814598083496094	25.245885848999023
-11.618949890136719	-7.59285306930542	0.6985577940940857
-35.16269302368164	3.0929453372955322	3.7115490436553955
-23.082067489624023	-3.111889123916626	-39.98949432373047
-26.04643440246582	-25.532108306884766	0.20615392923355103
12.463101387023926	-35.5463752746582	-12.594466209411621
-36.167720794677734	-31.357524871826172	-2.9428861141204834
-26.03103256225586	34.135826110839844	29.988876342773438
-24.664052963256836	-19.446590423583984	6.784613609313965
38.029754638671875	-16.672941207885742	-6.725536823272705
11.026674270629883	-8.885092735290527	23.673364639282227
2.752948522567749	-38.08369445800781	13.430211067199707
-36.10565948486328	-30.832054138183594	-13.971796035766602
25.37039566040039	-0.2952899634838104	16.412683486938477
-24.01362419128418	-13.242430686950684	29.64564323425293
5.047101974487305	25.958457946777344	22.15516471862793
1.8268471956253052	37.7578239440918	27.230531692504883
-32.66307830810547	14.551576614379883	13.518994331359863
-20.98626136779785	28.18052864074707	-14.463667869567871
31.580368041992188	-11.655187606811523	-21.73097038269043
-37.30697250366211	-26.422908782958984	-38.56433868408203
-8.336128234863281	-34.56436538696289	-29.216320037841797
35.655818939208984	32.60249710083008	38.321449279785156
23.53522491455078	-0.12804508209228516	-3.4973316192626953
-17.889535903930664	27.609527587890625	-25.243824005126953
17.224924087524414	-8.096198081970215	16.552209854125977
1.3248286247253418	-9.630411148071289	-17.015913009643555
-4.77470588684082	-14.047600746154785	-0.11688848584890366
-9.646524429321289	30.836763381958008	31.578737258911133
-14.110674858093262	35.64449691772461	-0.7211598753929138
9.315946578979492	19.13652229309082	-39.44718933105469
15.55345344543457	12.785237312316895	-25.28672218322754
-11.280677795410156	-33.813690185546875	-6.88082218170166
-28.773300170898438	-18.362268447875977	2.0787086486816406
-2.749448299407959	-21.375612258911133	20.973779678344727
-36.29835891723633	17.7921142578125	-28.240400314331055
-3.0214152336120605	-27.894866943359375	-37.74451446533203
34.95745086669922	-20.494935989379883	-21.961788177490234
-37.5565185546875	-29.112302780151367	-38.17564010620117
9.958518981933594	0.51059889793396	-1.3132108449935913
28.843965530395508	23.126956939697266	-27.74685287475586
-32.815650939941406	-25.430744171142578	24.194276809692383
12.073623657226562	-21.1065673828125	20.2937068939209
-23.44289207458496	-35.995277404785156	-14.581430435180664
17.313051223754883	38.78129196166992	-29.94550323486328
17.635311126708984	9.188789367675781	27.943620681762695
12.169609069824219	-16.044918060302734	31.90985870361328
23.45456886291504	31.489694595336914	-18.341346740722656
-22.33584976196289	-28.817886352539062	-12.023530006408691
12.608561515808105	10.309778213500977	20.4724178314209
-12.874871253967285	37.891361236572266	-9.683401107788086
18.105112075805664	4.230363845825195	-32.0875244140625
35.53144073486328	-33.31090545654297	-20.84038543701172
19.201370239257812	-15.708650588989258	-14.354293823242188
-8.87169075012207	8.301576614379883	13.570140838623047
-6.789364337921143	4.932113170623779	-19.434642791748047
-3.940333366394043	-19.300273895263672	-3.0045392513275146
26.873836517333984	33.22509002685547	-27.1558895111084
-25.648162841796875	25.98223114013672	-14.306022644042969
30.776750564575195	-31.241565704345703	9.756053924560547
-2.136223793029785	-34.61530685424805	11.65661334991455
12.615952491760254	7.081562042236328	25.65896224975586
15.371399879455566	-4.0027570724487305	-5.328857421875
3.2297887802124023	-7.932640075683594	-35.31782150268555
23.23066520690918	-35.39549255371094	26.195667266845703
-27.172958374023438	-3.5821759700775146	31.9964542388916
-0.8279694318771362	-31.464088439941406	21.401939392089844
-29.64957046508789	5.518950462341309	27.58758544921875
-36.677345275878906	-22.049379348754883	-23.150920867919922
30.76782989501953	-3.628373384475708	-22.018463134765625
12.996844291687012	7.491118431091309	20.9322509765625
0.01626279391348362	20.080541610717773	32.214786529541016
-12.94388484954834	19.097604751586914	24.299715042114258
-38.647727966308594	36.548282623291016	-36.63462829589844
-27.21009635925293	4.443403720855713	-19.825815200805664
-27.196725845336914	-28.249465942382812	9.939260482788086
-28.421199798583984	-12.872666358947754	-38.60802459716797
7.0504279136657715	13.311661720275879	19.13853645324707
14.83329963684082	34.888893127441406	20.47011947631836
19.184511184692383	-2.0816409587860107	-28.35957145690918
-3.3712947368621826	18.475112915039062	10.460750579833984
-0.9725396037101746	28.401935577392578	-35.60783004760742
-35.53105163574219	31.57009506225586	-24.47231101989746
39.46929931640625	7.838130474090576	-6.898169994354248
-22.969491958618164	-21.789823532104492	-5.515605449676514
10.454717636108398	0.844449520111084	-19.262939453125
37.80725860595703	-6.364378929138184	19.22109603881836
-5.015490531921387	-27.791616439819336	22.22697639465332
-7.4491119384765625	-24.031850814819336	-21.65819549560547
38.54243087768555	35.646209716796875	12.60139274597168
32.92247772216797	24.79667091369629	20.08755874633789
-12.193402290344238	-7.431196212768555	33.1651611328125
21.712875366210938	7.0540690422058105	-18.375375747680664
-6.606510162353516	39.26259231567383	-12.261465072631836
-39.83513641357422	-4.776732921600342	-18.913206100463867
-35.881065368652344	18.387386322021484	11.022729873657227
-39.13011169433594	-36.259315490722656	-25.44447898864746
33.939273834228516	-20.611923217773438	1.7389553785324097
-4.64450740814209	12.65396785736084	-38.040061950683594
-14.804778099060059	36.870365142822266	-10.597725868225098
-0.622000515460968	32.59962844848633	-23.553503036499023
-10.071256637573242	-33.95285415649414	-26.322364807128906
24.86324119567871	8.22996997833252	10.176852226257324
-10.282243728637695	18.960613250732422	32.54817581176758
17.985889434814453	2.220614194869995	0.8029817938804626
31.445953369140625	-33.22087097167969	-6.166297912597656
6.934251308441162	-34.29096603393555	35.495697021484375
8.893709182739258	15.552332878112793	-34.478328704833984
10.923093795776367	16.08163070678711	-37.82931137084961
-38.88893127441406	21.316993713378906	-26.86264419555664
8.123598098754883	-38.242862701416016	10.250978469848633
4.12129020690918	-34.55606460571289	5.896251201629639
26.68258285522461	36.05845260620117	21.03366470336914
26.74144172668457	-19.345911026000977	0.9236255288124084
10.933126449584961	-36.1319694519043	-14.581183433532715
38.25290298461914	27.526065826416016	-1.8521924018859863
-9.162431716918945	5.491603374481201	-38.728668212890625
-3.957233190536499	12.645827293395996	0.7092711329460144
0.6114588379859924	24.937942504882812	-18.84156608581543
-23.544347763061523	-25.011302947998047	8.457947731018066
-9.348372459411621	-19.94263458251953	23.26703643798828
-33.8467903137207	-14.097042083740234	-24.287654876708984
-10.020635604858398	-35.31171798706055	-10.347467422485352
-22.10923957824707	30.081806182861328	22.629907608032227
-33.5378303527832	-38.571170806884766	38.596839904785156
28.008018493652344	23.880815505981445	25.38530158996582
-7.650924205780029	24.1083927154541	27.598596572875977
10.782594680786133	-22.891393661499023	23.98383140563965
-27.22532844543457	-33.423179626464844	-13.74266242980957
-25.724241256713867	-17.30177879333496	36.42542266845703
-2.2616701126098633	-5.86600923538208	15.793746948242188
-16.311220169067383	38.22309112548828	4.881424427032471
-4.291589260101318	-15.475835800170898	17.816524505615234
2.4550375938415527	-16.497346878051758	11.327924728393555
-20.837526321411133	-21.695297241210938	23.034198760986328
-19.002294540405273	-32.74803161621094	-13.641737937927246
31.315256118774414	38.62430191040039	-14.15198802947998
28.965084075927734	-3.867995500564575	2.8418853282928467
6.806534290313721	-7.184212684631348	0.23668280243873596
-37.634788513183594	10.587684631347656	-15.039104461669922
4.252065181732178	-28.594833374023438	-16.84803581237793
-36.034934997558594	-21.046039581298828	-24.97420883178711
-31.55573272705078	-17.5350284576416	24.266984939575195
11.31867790222168	21.343069076538086	-4.737028121948242
30.471866607666016	-3.570436716079712	11.455968856811523
27.87359619140625	-23.863069534301758	-15.520607948303223
28.90997886657715	-18.828535079956055	-3.687549114227295
32.26509094238281	1.7904138565063477	20.474435806274414
31.677555084228516	-16.753767013549805	0.038968563079833984
0.08230513334274292	-0.029210837557911873	0.08622406423091888
0.06700953841209412	-0.023003851994872093	-0.09626813977956772
0.03976013883948326	-0.08692628890275955	0.07027892023324966
-0.0866633802652359	-0.08649847656488419	-0.06890517473220825
0.07807620614767075	0.04929109662771225	0.05981314182281494
-0.04790671542286873	-0.045291732996702194	0.033131327480077744
0.015633270144462585	0.012568537145853043	0.012249765917658806
0.013723795302212238	0.04021003469824791	0.03239750489592552
0.07548924535512924	0.035207249224185944	-0.041110266000032425
-0.008247725665569305	0.06552834063768387	0.03423422947525978
0.05240517482161522	-0.029740426689386368	0.01796821318566799
-0.03163844347000122	-0.09344196319580078	0.06304026395082474
-0.05537673458456993	0.07973814010620117	0.022371899336576462
-0.03175744786858559	0.0537152998149395	-0.08558819442987442
0.007792626041918993	0.07234403491020203	0.02617851085960865
-0.0713479071855545	0.018548358231782913	-0.025745538994669914
-0.08583621680736542	-0.072773277759552	0.05001072958111763
-0.007439774926751852	0.08794490247964859	-0.047449372708797455
0.00785613339394331	0.07081480324268341	0.07243647426366806
0.05822119116783142	0.07225306332111359	0.08257830888032913
-0.04217158257961273	-0.012682275846600533	-0.09873513132333755
0.05513085052371025	-0.022305570542812347	-0.04649558290839195
-0.07305873185396194	-0.013275283388793468	0.048383358865976334
-0.04668301343917847	0.01831657811999321	0.06876832991838455
0.06834394484758377	0.026480088010430336	0.061718519777059555
0.07032431662082672	-0.0037417185958474874	-0.06257016956806183
0.015782803297042847	0.022680016234517097	-0.06045715510845184
-0.00698085268959403	0.05447235330939293	0.05670640617609024
0.05246051773428917	-0.040714751929044724	0.03547292947769165
0.08348696678876877	-0.0950930044054985	-0.09056342393159866
-0.0014625843614339828	0.0638299509882927	-0.07244618982076645
0.02885196916759014	-0.08645881712436676	0.012541555799543858
0.003640873357653618	0.07521334290504456	0.0434783399105072
0.0902557447552681	-0.007944803684949875	-0.07403570413589478
0.06735025346279144	-0.040799081325531006	0.008495314978063107
0.08686498552560806	-0.0792439803481102	-0.02862308919429779
-0.013599058613181114	0.08223468065261841	-0.02508116327226162
-0.08504701405763626	-0.015451076440513134	0.023060360923409462
0.06758366525173187	-0.021399619057774544	0.018304187804460526
-0.058157630264759064	0.07184027880430222	0.04301947355270386
0.003057062393054366	0.08824145048856735	-0.0445890873670578
-0.05077951028943062	0.05459132418036461	0.03741320222616196
-0.054356738924980164	0.014008411206305027	-0.06195995584130287
0.008594966493546963	0.0583578385412693	-0.06578817218542099
0.04482346773147583	-0.019970491528511047	0.05101457238197327
0.08240076899528503	-0.06677594035863876	0.02499227784574032
-0.06048314645886421	-0.0774836465716362	0.07702924311161041
0.0014552294742316008	-0.010561375878751278	0.06896363943815231
0.05008230358362198	0.03596484288573265	0.0940290316939354
-0.01209560688585043	-0.049826063215732574	-0.07430920749902725
-0.009055453352630138	0.0708795040845871	-0.00927942618727684
0.06371144950389862	0.031172003597021103	0.08660322427749634
-0.03210744634270668	-0.08318191766738892	0.011310759000480175
0.034588273614645004	-0.0015188937541097403	-0.0797010213136673
-0.024132516235113144	0.055884357541799545	0.018048569560050964
-0.00679737189784646	-0.08732880651950836	0.03790774568915367
-0.05213811993598938	0.013006500899791718	0.036371488124132156
0.07027029991149902	0.007292414549738169	0.05499584972858429
0.021725470200181007	-0.021109556779265404	-0.007184910122305155
0.010542750358581543	-0.04124002158641815	0.050874460488557816
0.08404223620891571	0.09687234461307526	0.0823313295841217
-0.051927484571933746	0.07872986793518066	-0.026318829506635666
-0.059898294508457184	0.05992654711008072	0.0828498974442482
-0.0024692746810615063	0.06135627627372742	-0.015043847262859344
0.0941489115357399	-0.05842619389295578	-0.05997211113572121
-0.09391164779663086	0.05233883485198021	-0.041462380439043045
-0.04873882234096527	0.04679488018155098	-0.08316861838102341
-0.01189400814473629	-0.052982158958911896	0.07565564662218094
0.03142619878053665	0.05286123603582382	0.08735702931880951
0.06501178443431854	0.061957694590091705	-0.05116448923945427
0.005441490560770035	0.054469987750053406	0.02425164356827736
-0.044517308473587036	0.025448301807045937	0.02271493710577488
0.056836217641830444	-0.06136757507920265	-0.0638599693775177
0.07435643672943115	0.05604449659585953	-0.057770565152168274
0.08918965607881546	0.07334914803504944	-0.054637860506772995
-0.012130157090723515	0.004738987889140844	0.05398013815283775
-0.007349720690399408	-0.09145862609148026	0.07967235147953033
0.01649622991681099	0.0939173474907875	0.07134061306715012
0.030773159116506577	0.0847579762339592	0.06655613332986832
0.09481831640005112	0.010281810536980629	0.0061055938713252544
0.059567976742982864	-0.008455892093479633	-0.08909918367862701
-0.0973256453871727	-0.043515436351299286	0.06092207506299019
-0.02675093710422516	-0.046185292303562164	0.05419787019491196
0.059695713222026825	-0.01392191182821989	-0.04677879065275192
0.023303033784031868	0.09310927987098694	-0.024929262697696686
-0.016578257083892822	-0.012596705928444862	-0.012948483228683472
-0.003687430638819933	0.012339177541434765	0.07868339121341705
0.0027819140814244747	-0.010997931472957134	0.03426484391093254
-0.009989628568291664	-0.014855075627565384	-0.05407264828681946
-0.02107173018157482	-0.07390910387039185	-0.0015742828836664557
0.06616314500570297	0.07876793295145035	-0.009388696402311325
-0.04461152106523514	0.0719800740480423	0.005672268569469452
-0.03785773366689682	-0.06954466551542282	-0.03765277564525604
-0.059305258095264435	-0.024670112878084183	-0.013734277337789536
0.07809910923242569	-0.07717449963092804	-0.08101732283830643
-0.025092728435993195	0.038494985550642014	-0.014747971668839455
-0.07723738253116608	-0.04674124717712402	-0.032997600734233856
-0.06389877200126648	0.033260852098464966	-0.035679880529642105
0.06564687937498093	0.0824030339717865	0.05404859036207199
-0.08846446126699448	0.06029698625206947	0.09940525889396667
0.07241587340831757	0.07798046618700027	-0.07992622256278992
0.07314972579479218	-0.060333143919706345	-0.0008626169874332845
-0.0032066903077065945	0.07979876548051834	-0.06385740637779236
0.05110214650630951	0.06030327454209328	0.05210748687386513
0.08280600607395172	0.07969065755605698	-0.055078230798244476
0.037834715098142624	-0.010875033214688301	-0.034860387444496155
-0.08129952847957611	-0.06223278492689133	0.019554603844881058
0.09467312693595886	-0.08693584054708481	0.04667598009109497
0.06247224658727646	0.029151486232876778	-0.03391579911112785
-0.00794043205678463	0.0666964054107666	0.02461536042392254
-0.034990765154361725	-0.031611111015081406	0.07733803242444992
0.05298019200563431	-0.09284421056509018	-0.07116153836250305
0.0138262202963233	-0.031222203746438026	-0.03707040473818779
-0.005034760572016239	-0.01095548179000616	-0.017540398985147476
0.050038743764162064	0.00020207693160045892	-0.071095310151577
-0.06738099455833435	-0.06678779423236847	0.004042333457618952
-0.03958563506603241	0.05641573667526245	-0.08455086499452591
-0.023130517452955246	-0.05258355662226677	0.04742718115448952
0.0932779312133789	-0.007280707359313965	0.06681451201438904
-0.05775533244013786	-0.08048474043607712	-0.059169452637434006
0.051497649401426315	0.08109300583600998	-0.007759204600006342
0.008572605438530445	0.09684925526380539	0.09137637168169022
0.004313796292990446	-0.018028387799859047	0.04291179031133652
0.04186241701245308	-0.08683290332555771	0.029411938041448593
-0.059921640902757645	0.037007082253694534	0.047673434019088745
-0.04155665636062622	-0.049515124410390854	0.07992441207170486
-0.09444919228553772	0.06774343550205231	0.015151618979871273
-0.004194661509245634	-0.006662607192993164	0.02232559770345688
-0.037058573216199875	0.029825186356902122	-0.07922574132680893
0.05793123319745064	-0.04142419993877411	0.017769912257790565
-0.013092721812427044	-0.05178145319223404	-0.09903468936681747
-0.08001834154129028	0.07621371746063232	-0.0025879540480673313
-0.05448080226778984	0.00989071000367403	0.06747753918170929
0.053009748458862305	0.07585398107767105	-0.05683346837759018
-0.05219469219446182	-0.05529959127306938	-0.013001048937439919
-0.04881665110588074	-0.09258126467466354	0.02508801780641079
-0.03079071268439293	0.0855989083647728	0.032738097012043
-0.0033801028039306402	-0.05305003374814987	-0.036777496337890625
-0.078144870698452	-0.004775929730385542	-0.08241429924964905
0.05571078509092331	0.09182874858379364	0.05044892802834511
0.03452717140316963	0.02787644974887371	-0.009698648005723953
-0.0447639599442482	-0.05882985144853592	-0.09458337724208832
0.09742755442857742	0.04997226223349571	0.027256997302174568
0.020755862817168236	-0.01348497811704874	-0.07102043181657791
-0.048164963722229004	-0.07635680586099625	-0.07523052394390106
0.09138087928295135	-0.0024472877848893404	-0.07201236486434937
0.0990271046757698	-0.06913106143474579	0.03640064224600792
-0.05776906758546829	-0.08987172693014145	0.026354452595114708
0.01171938143670559	0.03294730558991432	-0.03448818624019623
0.013450990431010723	-0.01650380529463291	0.012731211259961128
-0.03924955055117607	0.06457725912332535	-0.029229281470179558
0.03731133043766022	-0.01772383041679859	-0.0003409351338632405
0.03215969353914261	0.022731583565473557	-0.020446399226784706
-0.03003479167819023	-0.08888740837574005	0.009412904269993305
-0.039204373955726624	-0.05714621767401695	-0.04000309109687805
-0.0727338120341301	0.09063328057527542	0.05346523970365524
-0.09247667342424393	0.09143896400928497	-0.08910949528217316
0.010389949195086956	-0.06115910783410072	0.08212686330080032
0.030519677326083183	0.006919561885297298	-0.0969916358590126
-0.06076344847679138	-0.009355803020298481	0.09845335781574249
-0.057786691933870316	0.0746842697262764	0.012569627724587917
0.029321864247322083	0.07624343037605286	0.002212151186540723
0.008016224950551987	-0.08736012876033783	-0.06775359809398651
0.058826711028814316	0.02342711016535759	0.08038144558668137
-0.0906769335269928	0.04930013045668602	0.058466147631406784
0.03415386751294136	0.06524071097373962	0.058298297226428986
-0.016597485169768333	-0.03024139255285263	0.04876634478569031
0.05602465942502022	-0.011406018398702145	-0.06899828463792801
-0.0171931404620409	-0.008324813097715378	0.028347909450531006
0.09048818051815033	-0.09841465204954147	-0.08083181828260422
-0.050673775374889374	0.07632745057344437	-0.01023057196289301
0.07956486195325851	0.0548761822283268	0.024559279903769493
0.05001524090766907	0.023707792162895203	0.030365629121661186
-0.048140279948711395	0.04734979569911957	-0.06259550154209137
-0.026606617495417595	-0.06336769461631775	-0.008206839673221111
0.012917370535433292	0.06438150256872177	0.05916387215256691
-0.05458563193678856	-0.07566095888614655	-0.08775787800550461
0.0021720807999372482	0.08677887171506882	0.017900517210364342
-0.07480447739362717	-0.09022804349660873	0.08277323842048645
0.09642110019922256	-0.04697540029883385	-0.041864775121212006
-0.07775858789682388	0.08599333465099335	-0.0778423398733139
-0.002844191389158368	-0.002676920033991337	0.03172604367136955
0.031495485454797745	-0.07877568155527115	-3.888351784553379e-05
0.02507917396724224	0.048546455800533295	-0.06166130304336548
0.04559385031461716	-0.08752480149269104	0.09937833994626999
-0.0916154682636261	0.016647307202219963	-0.09331174939870834
-0.06409718841314316	0.0990142747759819	0.09096626937389374
-0.007698931731283665	-0.028283024206757545	-0.05995076894760132
0.0850895419716835	-0.05859319865703583	-0.09815216809511185
-0.0542348250746727	0.09571626037359238	0.08783397823572159
0.07823338359594345	-0.09626323729753494	0.04901350662112236
-0.025573695078492165	-0.025907520204782486	-0.09653190523386002
0.014376896433532238	-0.07711055129766464	-0.0847824439406395
0.02797803282737732	-0.03430408239364624	0.04573066532611847
0.03866199404001236	0.025510722771286964	-0.07484611123800278
-0.003981016576290131	-0.07349821925163269	-0.09950393438339233
0.06349945813417435	0.014817575924098492	-0.05312902480363846
-0.056890878826379776	-0.07082223147153854	-0.022355904802680016
-0.06262809783220291	-0.0617009699344635	-0.0863560363650322
-0.05703295022249222	0.03827603906393051	-0.02129690907895565
0.09343491494655609	0.06674651056528091	-0.07134458422660828
0.09211860597133636	0.03330305963754654	0.07362643629312515
0.05184420570731163	0.05044984817504883	-0.06516343355178833
-0.07290277630090714	0.04559693485498428	0.04495280608534813
-0.011334654875099659	0.036687519401311874	-0.017584271728992462
0.0998142659664154	-0.04355587437748909	0.03897087275981903
-0.010157576762139797	0.07675307244062424	0.05905292183160782
0.035744693130254745	0.0325905904173851	0.03212110325694084
-0.08676048368215561	0.0195308830589056	0.025969067588448524
-0.037545930594205856	0.051480334252119064	0.06669389456510544
-0.06012482941150665	0.0017611976945772767	0.016699837520718575
-0.03019058145582676	0.0027793969493359327	0.05162915959954262
0.05024835467338562	-0.06413573026657104	-0.09582485258579254
0.05336613208055496	-0.08402567356824875	0.027056772261857986
0.0157993845641613	0.03640836104750633	0.0764787420630455
-0.029639210551977158	0.0976383239030838	0.04365186020731926
0.015700364485383034	0.06964791566133499	-0.035901132971048355
0.04574457183480263	-0.09660488367080688	-0.09191761165857315
0.0040514105930924416	-0.045896731317043304	0.005516646429896355
0.06817088276147842	-0.013081030920147896	-0.0015860709827393293
-0.06641674786806107	-0.0033240795601159334	-0.027596361935138702
-0.0543987937271595	0.0468936525285244	-0.05785416439175606
0.014961102977395058	-0.0010575508931651711	0.0815809816122055
0.08087088167667389	-0.006244366988539696	-0.025849703699350357
-0.007209808565676212	-0.04031652957201004	0.02617277391254902
0.025890696793794632	-0.03679116070270538	-0.01894763857126236
-0.010420582257211208	0.0016646619187667966	0.07060718536376953
-0.0834565982222557	0.003408047603443265	-0.0446472205221653
-0.0741284191608429	-0.025150027126073837	-0.03354298695921898
-0.01636330597102642	-0.07537805289030075	-0.010088899172842503
-0.046767622232437134	-0.06200253218412399	0.005372015759348869
-0.08286993950605392	0.062091559171676636	0.04785744100809097
-0.07693959027528763	0.046187855303287506	-0.03481215238571167
-0.0432804673910141	0.05435880646109581	0.019655151292681694
-0.09250582754611969	0.05903618782758713	-0.05273609608411789
-0.09280341863632202	-0.013727180659770966	-0.04657401889562607
0.09881655871868134	-0.07215797156095505	0.053974609822034836
0.08932296931743622	0.03882725536823273	0.04634227976202965
0.0701104924082756	0.044990766793489456	0.04712706059217453
0.09279797971248627	0.06236376613378525	-0.07324710488319397
-0.07947564125061035	0.05891067907214165	-0.0702354684472084
0.03253442049026489	0.09993840754032135	-0.01392790675163269
-0.02603793330490589	-0.08461590856313705	0.05050206184387207
-0.046288348734378815	0.0924949198961258	-0.0344090573489666
0.027363309636712074	-0.01972460187971592	0.010364756919443607
0.023068135604262352	0.01116461306810379	-0.09925827383995056
-0.08938149362802505	-0.023587431758642197	0.0060871965251863
0.055733148008584976	0.04220122843980789	-0.06005579233169556
-0.002512045670300722	0.03539120405912399	-0.07673782110214233
0.049491338431835175	0.02085386961698532	-0.015026629902422428
-0.09641595929861069	-0.02871355228126049	-0.00012232878361828625
0.03669625520706177	-0.09759581834077835	0.07487937062978745
-0.08561555296182632	-0.068223737180233	-0.07270501554012299
-0.033442094922065735	-0.0846533551812172	-0.0486496277153492
0.014307140372693539	-0.05903032049536705	0.0038960296660661697
1.1108208127552643e-05	-0.0003483797190710902	0.07812825590372086
-0.08294747769832611	0.09994322806596756	-0.018511289730668068
-0.03403712064027786	-0.050952617079019547	0.09294667094945908
0.024554630741477013	-0.0991499200463295	-0.03488640859723091
-0.019777582958340645	0.09773784875869751	-0.015643281862139702
0.061203233897686005	-0.0785372406244278	0.003383568488061428
0.008931607939302921	-0.048929791897535324	0.012111241929233074
-0.09937038272619247	0.08552475273609161	0.07074558734893799
0.014308314770460129	0.07848666608333588	-0.01683725044131279
-0.013193945400416851	0.004724403843283653	-0.05916513875126839
-0.06946776062250137	-0.012466861866414547	0.07501687854528427
0.0442417711019516	-0.04294288530945778	0.03735005483031273
-0.022913137450814247	-0.043117456138134	-0.04680920019745827
-0.05121705308556557	0.07153580337762833	-0.07402430474758148
0.024212677031755447	-0.021490933373570442	-0.051885806024074554
-0.0619780607521534	0.06958574056625366	-0.023715557530522346
0.009363383054733276	-0.013465814292430878	-0.09975585341453552
-0.025305459275841713	0.0884728729724884	-0.06236979737877846
-0.07888142019510269	0.017903832718729973	-0.02215627394616604
-0.012129400856792927	-0.005335121415555477	-0.030800282955169678
-0.0954597070813179	-0.08719980716705322	0.07727702707052231
0.05839728191494942	-0.05615208297967911	0.09018520265817642
-0.042341314256191254	-0.03931335359811783	0.08735232055187225
-0.07032269239425659	-0.060115039348602295	-0.013405394740402699
-0.009111284278333187	-0.08035031706094742	-0.08432155102491379
-0.04963034763932228	0.054852332919836044	0.010085927322506905
-0.00778056588023901	0.007732408121228218	0.04965903237462044
-0.09824433922767639	-0.010657299309968948	-0.09357710927724838
-0.08152127265930176	0.009357393719255924	-0.050312142819166183
0.09329476207494736	-0.08030472695827484	-0.09480471909046173
0.06853476166725159	0.09176526963710785	0.09746265411376953
-0.03084283508360386	0.05158515274524689	0.09877714514732361
-0.09519142657518387	0.0632474273443222	0.05318567156791687
-0.053268346935510635	-0.04146075248718262	-0.015474267303943634
0.014254448004066944	0.009959437884390354	-0.07720022648572922
-0.07390325516462326	0.035915810614824295	0.09599806368350983
-0.05890081077814102	0.018326425924897194	0.01845560595393181
0.08680548518896103	0.03323684632778168	0.08415672928094864
0.001798018696717918	-0.01017615757882595	0.0826512947678566
0.08985894173383713	-0.0016441774787381291	0.030210290104150772
-0.030084874480962753	-0.020525608211755753	0.09505768865346909
-0.03213086351752281	0.04546895995736122	-0.047987114638090134
0.016813892871141434	-0.09451430290937424	-0.0652625635266304
0.06839577108621597	-0.05490826070308685	0.07008425891399384
-0.0785101056098938	0.02587621845304966	-0.0822010189294815
-0.0034431747626513243	0.04803966358304024	-0.05810820311307907
-0.05755976587533951	-0.03455120325088501	-0.012940931133925915
0.05238329619169235	-0.011841053143143654	0.09800489991903305
-0.03832758218050003	-0.05934397876262665	0.06221035495400429
-0.08196660876274109	-0.04631209000945091	0.03037361614406109
0.03969687595963478	0.017647188156843185	-0.08344987034797668
-0.0646144226193428	-0.0816069096326828	-0.06732004135847092
-0.042106449604034424	-0.014455955475568771	0.08380745351314545
0.02809210494160652	-0.020650669932365417	-0.014555663801729679
0.06448012590408325	-0.044227901846170425	0.00979488156735897
-0.020804351195693016	-0.013456927612423897	0.07262352854013443
-0.0788608118891716	-0.0316404365003109	-0.07384885847568512
0.08835355937480927	0.05384829640388489	-0.07185639441013336
0.0801047831773758	-0.03269529342651367	-0.09784159064292908
0.06423554569482803	0.019620496779680252	0.09130710363388062
0.025823766365647316	-0.06556370854377747	0.07722393423318863
0.028323419392108917	0.05542011931538582	0.0760968029499054
-0.03597964718937874	-0.09091727435588837	-0.020033420994877815
-0.022506730630993843	0.03594619780778885	-0.029241042211651802
-0.08326058089733124	-0.04969646409153938	-0.09114156663417816
0.08160586655139923	-0.0848645493388176	0.03339361771941185
0.04173888638615608	-0.03057137131690979	0.0353192500770092
0.09771543741226196	-0.037691134959459305	0.09055137634277344
0.009999250993132591	-0.08329666405916214	0.09594675898551941
-0.06057029217481613	0.022508151829242706	0.013349802233278751
0.05261443927884102	-0.03358256444334984	0.03170730918645859
0.0910997986793518	-0.08071209490299225	0.05853656306862831
0.08085104823112488	0.0021442698780447245	-0.06498682498931885
0.03920646756887436	0.015456384047865868	-0.07102440297603607
0.06333881616592407	0.09183583408594131	0.08538218587636948
0.0452861562371254	0.015840617939829826	-0.03389952704310417
-0.09150166809558868	0.07259668409824371	0.032309167087078094
-0.009547322057187557	0.043288957327604294	0.037068869918584824
-0.010858970694243908	-0.08939344435930252	-0.020937982946634293
0.0861668735742569	-0.024355769157409668	-0.07122620940208435
-0.04594220593571663	0.007698974572122097	-0.025803856551647186
0.032432906329631805	-0.09267110377550125	0.05015052482485771
-0.02092241682112217	-0.06215107440948486	0.027038108557462692
0.059985388070344925	-0.029067710041999817	-0.04915071651339531
-0.05277606099843979	0.01825893670320511	-0.04679642990231514
0.07009334117174149	-0.009531848132610321	-0.07327117025852203
6.321895599365234	10.170829772949219	32.10801315307617
-31.076250076293945	-14.79338550567627	14.809736251831055
28.815277099609375	-6.768772602081299	-20.587263107299805
12.037355422973633	-20.272197723388672	39.877532958984375
31.122573852539062	-39.90988540649414	24.322811126708984
-34.412841796875	23.91771125793457	-39.494354248046875
-16.24277114868164	-32.74092483520508	-1.0194908380508423
-2.1120262145996094	-26.628868103027344	-20.76450538635254
17.024438858032227	-12.55888557434082	-7.879885196685791
-21.223018646240234	-23.403491973876953	-30.42703628540039
12.077922821044922	13.936291694641113	13.214658737182617
38.43547439575195	16.446802139282227	5.422814846038818
10.181156158447266	-38.83486557006836	-38.463443756103516
-6.4306488037109375	-8.462173461914062	20.378896713256836
11.967985153198242	3.115549087524414	-34.684810638427734
-27.166257858276367	-7.406938076019287	-0.37211713194847107
2.1552555561065674	-19.184932708740234	-7.652623176574707
0.2510296702384949	-12.716694831848145	-38.592811584472656
-37.32432556152344	1.8207263946533203	3.695204973220825
-20.408023834228516	-11.888299942016602	5.7142767906188965
-2.5318377017974854	-24.31278419494629	-28.022998809814453
-26.24291229248047	-0.4767337739467621	-15.11325740814209
-39.840850830078125	37.354759216308594	3.324695587158203
-31.565242767333984	28.78632926940918	-37.29755783081055
-16.53644371032715	6.298821449279785	28.765625
-22.730884552001953	29.907691955566406	-11.646193504333496
-6.602392673492432	22.677907943725586	-15.643729209899902
15.276694297790527	35.22673034667969	36.837703704833984
-16.521930694580078	37.57593536376953	-7.342631816864014
-13.73522663116455	-20.5008487701416	-5.679455280303955
-33.87958908081055	-0.3949621915817261	22.829486846923828
-25.494792938232422	16.485464096069336	-0.8006768226623535
-17.182506561279297	-11.445372581481934	16.76600456237793
-4.793367385864258	-11.32628059387207	13.465027809143066
-29.792688369750977	-13.954599380493164	36.63610076904297
-18.79245376586914	-11.449788093566895	14.754847526550293
9.781317710876465	18.567480087280273	-10.3132963180542
34.80755615234375	-33.968963623046875	-20.228561401367188
36.13801574707031	-7.177455425262451	26.91338348388672
-17.70196533203125	11.159018516540527	1.1462985277175903
-25.868452072143555	14.420249938964844	-22.461780548095703
30.247806549072266	-1.8472672700881958	36.3072395324707
-39.21284866333008	34.783321380615234	-32.66914749145508
25.231061935424805	11.885945320129395	-13.115813255310059
34.80801010131836	-35.759361267089844	19.875837326049805
-26.952741622924805	20.973207473754883	-12.657462120056152
12.391209602355957	1.4116071462631226	20.458621978759766
27.239694595336914	-39.81781768798828	-34.196319580078125
-27.893972396850586	-12.024113655090332	-26.590404510498047
34.64468765258789	35.1635627746582	31.04142951965332
-4.734350204467773	-12.384692192077637	-14.031213760375977
29.839479446411133	-28.078208923339844	-6.230925559997559
0.6295754909515381	-5.739378452301025	-29.831941604614258
-33.78744125366211	4.338404178619385	-0.17184476554393768
-26.59214973449707	7.935816764831543	-16.02670669555664
-36.44805145263672	-6.537863254547119	-11.178750991821289
1.8876374959945679	14.206619262695312	-1.381181240081787
-2.785593032836914	-31.902368545532227	8.21163558959961
-13.50136947631836	27.10211181640625	35.720733642578125
19.84693717956543	-0.7379151582717896	-29.691675186157227
-34.29079055786133	13.862339973449707	-0.30008256435394287
0.45230892300605774	22.646352767944336	-18.98285675048828
-35.43233871459961	-35.35648727416992	-33.63211441040039
-12.609790802001953	-28.083372116088867	-3.7559452056884766
-24.266368865966797	-12.97718620300293	30.66688346862793
-27.26921844482422	31.333127975463867	-20.45688819885254
-25.369413375854492	11.907783508300781	-1.7158607244491577
-2.426567792892456	4.74610710144043	0.1403927206993103
-33.9205322265625	-28.681943893432617	-7.733548641204834
13.52820110321045	26.543991088867188	23.25362777709961
-28.87225341796875	14.205439567565918	-32.45441818237305
28.04726791381836	31.676849365234375	0.7657756805419922
16.34529685974121	12.84560775756836	27.666160583496094
-10.172228813171387	-38.56357955932617	34.05810546875
15.822366714477539	-26.365924835205078	31.674152374267578
20.497785568237305	23.769113540649414	-39.47669982910156
-11.717681884765625	29.037076950073242	0.5259411931037903
18.78768539428711	31.745023727416992	39.54442596435547
-5.66143274307251	-3.699681520462036	26.825782775878906
-28.070335388183594	-19.330963134765625	-21.117919921875
-13.552652359008789	-19.41337776184082	-15.309052467346191
35.26441192626953	11.460445404052734	-22.7769832611084
33.722259521484375	-7.8568830490112305	7.91690731048584
-27.694904327392578	-6.8253560066223145	24.2646541595459
-23.12428092956543	-0.04743481054902077	3.478055238723755
-24.590517044067383	-38.08937454223633	8.319770812988281
21.048112869262695	29.291324615478516	-32.86107635498047
28.944387435913086	-38.83588409423828	16.447309494018555
-3.0043270587921143	-5.211325168609619	8.743900299072266
26.907146453857422	16.23607635498047	17.94416046142578
6.5558180809021	18.203092575073242	21.78312873840332
0.6676642894744873	-28.094375610351562	-7.579368591308594
-4.764874458312988	2.768045663833618	-19.439029693603516
37.574462890625	-1.439232349395752	-38.18705749511719
18.351123809814453	-30.372255325317383	-13.103509902954102
31.832983016967773	35.74867630004883	28.432451248168945
1.058685541152954	-38.88749694824219	22.689790725708008
17.670360565185547	32.24516296386719	26.265914916992188
-27.303600311279297	30.81792640686035	13.437633514404297
7.571288108825684	-20.111927032470703	37.72532272338867
-12.345773696899414	-20.77073860168457	-9.607710838317871
-3.9100420475006104	-18.67820167541504	-12.625946998596191
-28.87921714782715	6.601639747619629	-3.4974591732025146
-11.958844184875488	-38.04444122314453	-27.99250030517578
-28.614974975585938	35.672977447509766	-12.774191856384277
4.473122596740723	-17.230228424072266	36.440147399902344
3.198423147201538	4.337444305419922	-10.724369049072266
-4.8246307373046875	-26.938011169433594	-5.544389724731445
1.5458329916000366	-34.09135437011719	34.87746047973633
-20.068008422851562	-18.727035522460938	25.695938110351562
28.28266143798828	-6.976755142211914	11.350383758544922
-22.713294982910156	24.51310920715332	-23.805435180664062
-24.426931381225586	-17.96145248413086	31.644287109375
-24.16034698486328	0.2124214917421341	-27.749242782592773
27.86015510559082	24.554655075073242	-9.993701934814453
9.988251686096191	2.4994921684265137	-24.403963088989258
27.772737503051758	-30.51060676574707	15.852279663085938
-11.480944633483887	13.994455337524414	-14.3529691696167
33.588314056396484	11.49935531616211	9.593253135681152
3.2737538814544678	-29.50262451171875	-15.731170654296875
18.7481746673584	39.52857208251953	-5.471480846405029
13.415438652038574	32.294403076171875	-3.917309522628784
23.453807830810547	33.550079345703125	30.80841064453125
25.01913070678711	-39.86184310913086	-2.832111358642578
34.58613204956055	-21.51066780090332	37.05591583251953
36.41143798828125	32.1496696472168	8.095501899719238
20.635005950927734	26.026016235351562	-7.819888114929199
-15.37819766998291	39.108699798583984	22.00301170349121
16.758819580078125	31.361167907714844	12.553296089172363
26.42744255065918	10.842243194580078	-33.04572296142578
11.475576400756836	36.91581726074219	9.916932106018066
-22.676111221313477	16.339662551879883	-4.3698859214782715
17.729089736938477	31.65456199645996	33.297603607177734
-15.112130165100098	-11.688443183898926	-11.986842155456543
28.195829391479492	13.448199272155762	37.409950256347656
-30.249448776245117	-27.989059448242188	-15.01607608795166
22.223751068115234	-32.4138298034668	-24.417469024658203
2.192621946334839	29.28362464904785	23.486902236938477
26.10556983947754	0.525901198387146	7.31857967376709
3.661539316177368	-23.983016967773438	30.197656631469727
27.387882232666016	-11.056702613830566	-2.969160556793213
-2.5932681560516357	-30.766197204589844	-25.919206619262695
32.6641845703125	-16.568843841552734	8.313765525817871
28.12713623046875	32.87738037109375	-6.633679389953613
29.236669540405273	-15.558454513549805	6.00761604309082
-32.691593170166016	38.62042999267578	-13.834846496582031
-21.34916877746582	-25.3023738861084	-7.741697788238525
-19.348112106323242	-22.550600051879883	25.777997970581055
38.72880935668945	21.81760597229004	-2.8376665115356445
-28.981386184692383	15.781063079833984	18.442596435546875
39.416038513183594	12.044873237609863	-20.460302352905273
-22.460525512695312	-12.345638275146484	34.62546157836914
-19.68406867980957	-31.819002151489258	39.26055145263672
-32.810516357421875	25.177539825439453	18.457738876342773
2.5762016773223877	14.3523530960083	-11.83219051361084
-32.039306640625	-5.4344401359558105	19.843158721923828
17.1922664642334	-7.950741767883301	31.902795791625977
-39.6200065612793	36.405879974365234	16.30050277709961
-1.9507625102996826	7.071774959564209	-37.36306381225586
21.68282127380371	-10.10756778717041	10.803815841674805
4.059450149536133	6.65076208114624	-13.408681869506836
23.985559463500977	-37.690879821777344	23.92474937438965
-17.303743362426758	-28.024417877197266	-32.2779426574707
-17.21224021911621	-38.75846481323242	24.921707153320312
29.094057083129883	-1.4114787578582764	-36.29157638549805
-27.729473114013672	-27.22125244140625	-36.3514518737793
-5.103684902191162	-33.85196304321289	-3.8860583305358887
21.95929527282715	26.274065017700195	9.792244911193848
-36.932186126708984	4.221699237823486	34.665645599365234
-31.47909164428711	12.987908363342285	-4.765401363372803
-39.46048355102539	39.01311111450195	26.669654846191406
30.192310333251953	-35.856201171875	23.889896392822266
15.190900802612305	-32.37961959838867	-15.401013374328613
-29.38027572631836	4.010443687438965	39.91590881347656
26.52634048461914	24.68773651123047	-22.793209075927734
-10.820300102233887	-6.457842826843262	25.071510314941406
33.56839370727539	37.74991226196289	-23.393020629882812
39.48388671875	-36.01184844970703	24.045059204101562
5.394680976867676	3.5334298610687256	-27.891258239746094
-20.99340057373047	-24.306718826293945	-38.68555450439453
3.6463232040405273	34.56972885131836	-31.05268096923828
31.381641387939453	28.321672439575195	11.2330322265625
-13.545869827270508	28.552318572998047	10.995292663574219
35.40047836303711	-10.821290969848633	-39.79438400268555
-23.428436279296875	27.592836380004883	23.810100555419922
39.44806671142578	-28.642553329467773	34.11296844482422
-28.327524185180664	4.167693138122559	-31.16925621032715
-10.57316780090332	-18.75568389892578	17.588605880737305
-28.572118759155273	-0.18339240550994873	-17.619638442993164
-38.81129837036133	-21.224794387817383	-15.455804824829102
-14.31567096710205	-31.722827911376953	-12.912654876708984
5.846384048461914	-4.956420421600342	-37.91701126098633
-27.511764526367188	28.87411880493164	-12.060961723327637
32.85379409790039	31.468849182128906	-13.369969367980957
10.999860763549805	-5.336424827575684	-12.7879638671875
12.21732234954834	-17.378772735595703	1.3774702548980713
-35.91693115234375	23.11916732788086	0.7622270584106445
-11.938699722290039	-16.916393280029297	-8.861544609069824
6.295148849487305	-3.4241535663604736	-13.613356590270996
-36.212650299072266	-16.881315231323242	-14.784503936767578
24.70349884033203	-13.991042137145996	8.708375930786133
10.611278533935547	-25.623126983642578	-12.594353675842285
19.16192054748535	-37.181575775146484	-10.934123039245605
-6.658958911895752	-34.063560485839844	-0.7626135945320129
22.115182876586914	-21.44873809814453	-14.587113380432129
38.57893753051758	-27.29901885986328	-9.957048416137695
5.87416410446167	0.7547948956489563	-34.13483428955078
20.742542266845703	7.272581577301025	8.43730354309082
39.79756546020508	-9.709531784057617	3.4040703773498535
-21.52222442626953	-18.124052047729492	-16.681018829345703
-19.87647247314453	20.142738342285156	-5.511075973510742
-0.8980340361595154	29.14691734313965	-7.355691432952881
6.0628743171691895	23.384296417236328	-23.946657180786133
-16.99234390258789	-1.4711189270019531	-12.496646881103516
12.094820022583008	-18.73969078063965	27.621997833251953
-24.95035743713379	-8.57323932647705	26.511245727539062
-31.538904190063477	35.17036437988281	-14.983281135559082
-32.616703033447266	3.806999921798706	-19.70014762878418
5.921499729156494	-27.09764862060547	-4.416070938110352
29.687862396240234	-2.4537839889526367	25.943471908569336
20.176414489746094	14.366662979125977	-16.83893585205078
10.876995086669922	9.677384376525879	22.191614151000977
-15.015349388122559	14.813861846923828	-27.069347381591797
0.6851590275764465	-14.622320175170898	-3.235236644744873
7.71823787689209	-4.763369083404541	20.92130470275879
27.22734832763672	-3.5535449981689453	38.50745391845703
1.9261512756347656	-29.232507705688477	-30.07001495361328
10.354660034179688	-4.769947528839111	-35.210567474365234
-8.686897277832031	38.09889221191406	18.599327087402344
37.72466278076172	8.309714317321777	22.551054000854492
-32.694435119628906	-10.074128150939941	-19.61627769470215
28.370832443237305	2.714755058288574	9.333770751953125
-22.275203704833984	34.96781539916992	-12.129485130310059
36.837646484375	3.8913395404815674	-36.37086486816406
2.26525616645813	29.370092391967773	-32.879791259765625
-0.26807448267936707	-3.8408212661743164	26.42220115661621
18.599937438964844	32.43852233886719	-33.0062255859375
21.175994873046875	13.897092819213867	6.677886962890625
-22.156450271606445	-14.124567031860352	8.826634407043457
38.25003433227539	17.950904846191406	-8.231204986572266
-18.334556579589844	-9.621259689331055	-2.4900407791137695
21.16687774658203	-39.36663818359375	-37.291473388671875
-7.57363748550415	-33.71072006225586	-10.361786842346191
9.44116497039795	-36.863433837890625	27.8835506439209
-35.94527816772461	11.82425594329834	16.467809677124023
35.53571701049805	-20.602787017822266	-11.295439720153809
-7.855478286743164	-21.585193634033203	25.216508865356445
24.09665870666504	-29.90701675415039	15.150907516479492
-11.702324867248535	1.7305814027786255	9.8231201171875
-7.038214683532715	-26.28757667541504	-33.55366897583008
19.924182891845703	5.986691951751709	-16.363414764404297
-10.644174575805664	-21.757015228271484	9.76176929473877
-28.41022300720215	8.990667343139648	18.93892478942871
-4.484842300415039	21.05729866027832	-25.20824432373047
39.475189208984375	39.97565841674805	-15.814482688903809
2.5011725425720215	-34.39448547363281	-32.43857192993164
-9.57670783996582	7.959285736083984	-9.171470642089844
10.228775024414062	37.62943649291992	-19.70497703552246
0.11225751042366028	-23.385848999023438	-35.38056182861328
-8.359733581542969	-25.891977310180664	18.72517204284668
-14.416662216186523	13.696988105773926	15.885213851928711
-35.707645416259766	24.212467193603516	-29.152563095092773
-21.902626037597656	29.05518913269043	-33.2593994140625
8.80310344696045	-21.040241241455078	8.385764122009277
-16.075456619262695	-3.5310733318328857	-18.155078887939453
-14.846254348754883	-5.301188945770264	12.116899490356445
11.472877502441406	35.47591781616211	10.857643127441406
16.783674240112305	-30.988597869873047	37.624732971191406
4.807138442993164	0.6920846700668335	29.400238037109375
-14.534123420715332	-27.828731536865234	-29.33988380432129
-0.3557763397693634	-29.41208267211914	10.562410354614258
-22.844831466674805	-36.71739196777344	-32.71757888793945
-13.485214233398438	-24.78666114807129	5.660315036773682
-22.636138916015625	12.745805740356445	5.895546913146973
23.231098175048828	30.178783416748047	23.19244956970215
-32.672760009765625	-23.705427169799805	-9.73981761932373
15.84511661529541	-16.574514389038086	34.868408203125
-39.05219268798828	3.9568912982940674	-39.180084228515625
18.908437728881836	-13.14364242553711	19.332115173339844
-29.682819366455078	-29.74858283996582	-27.21611785888672
-35.67374038696289	35.435001373291016	-35.61894989013672
38.025367736816406	18.067546844482422	32.24818801879883
26.131256103515625	7.759173393249512	-6.915653705596924
-2.899423122406006	26.263813018798828	-17.787778854370117
-28.506380081176758	-17.577917098999023	-12.737317085266113
6.795729637145996	20.596481323242188	0.3306298851966858
-17.53740119934082	24.51504898071289	13.373812675476074
-16.158098220825195	3.3599724769592285	-18.10898780822754
12.02333927154541	-1.7076393365859985	-34.73727035522461
-20.967182159423828	-37.933380126953125	-12.33276653289795
-24.489173889160156	-4.922593116760254	20.78179931640625
-15.494701385498047	-10.5870943069458	4.129932880401611
-37.78530502319336	-38.399234771728516	-14.470836639404297
25.16719627380371	-12.333453178405762	-0.7305243611335754
-14.322741508483887	36.07194900512695	23.821733474731445
37.57048416137695	-32.76856994628906	1.9029022455215454
-27.086193084716797	7.744725704193115	13.186187744140625
33.16685104370117	-21.82117462158203	-36.792327880859375
39.278480529785156	-19.488018035888672	-15.522826194763184
16.712142944335938	5.386428356170654	39.49525833129883
15.965620040893555	-6.5306901931762695	20.429670333862305
-29.256458282470703	7.126396179199219	18.74799919128418
-39.42707061767578	-14.767537117004395	3.2596163749694824
-23.93367576599121	-14.886091232299805	35.22598648071289
24.08869171142578	-36.6478385925293	12.288409233093262
7.07903528213501	-36.660308837890625	-27.11429786682129
6.309051036834717	37.68853759765625	12.410076141357422
25.354753494262695	13.305737495422363	-15.959500312805176
27.00067710876465	5.163817405700684	-7.562087059020996
6.451650619506836	-6.668307304382324	0.44043272733688354
-25.618568420410156	-29.8126163482666	-15.648496627807617
22.884700775146484	10.526782989501953	-35.08504867553711
33.133792877197266	-8.864067077636719	-23.020151138305664
37.043983459472656	-26.692432403564453	34.92705154418945
-18.456153869628906	17.755905151367188	36.21964645385742
-25.133583068847656	-11.337963104248047	-14.978240013122559
6.128452301025391	-2.9810338020324707	2.5804977416992188
-11.632515907287598	-34.542503356933594	-2.757518768310547
7.268258094787598	-28.13243293762207	-6.0376152992248535
22.29631805419922	-12.208590507507324	-33.13502502441406
32.677669525146484	32.28805160522461	5.835928916931152
38.51378631591797	7.961179256439209	20.376293182373047
-12.491897583007812	23.261674880981445	-26.497533798217773
-10.957606315612793	-11.65343189239502	19.380935668945312
14.63621711730957	31.657453536987305	33.29521942138672
21.055686950683594	-1.4633982181549072	16.084070205688477
-2.324895143508911	-2.73942494392395	-22.26742172241211
-26.462425231933594	-9.298709869384766	-31.552001953125
-13.246647834777832	27.89109230041504	0.4078960418701172
-12.559471130371094	29.97905731201172	-29.50091552734375
-17.448381423950195	15.678637504577637	-30.794498443603516
-29.56640625	27.853397369384766	-11.625834465026855
7.005432605743408	27.096614837646484	3.9723639488220215
-30.67265510559082	16.24586296081543	25.898242950439453
20.359142303466797	-25.173912048339844	26.952646255493164
-12.752690315246582	15.062714576721191	13.957035064697266
-0.9696844220161438	24.592878341674805	-30.548364639282227
34.91919708251953	25.710939407348633	17.64310073852539
1.6261626482009888	30.578277587890625	-15.033452987670898
10.154366493225098	3.8875515460968018	25.669673919677734
-5.8090105056762695	-30.93130111694336	-33.29995346069336
-36.82862854003906	-18.85582733154297	-16.233980178833008
-9.674460411071777	17.12777328491211	-20.23476219177246
36.201759338378906	-10.126980781555176	-3.3219082355499268
14.192986488342285	-6.632240295410156	17.480655670166016
-34.70423126220703	-39.00324630737305	28.781723022460938
-24.022079467773438	-2.3614563941955566	9.156018257141113
21.761098861694336	-35.973182678222656	-22.853567123413086
22.124670028686523	-6.0038933753967285	-30.45871925354004
-25.1325740814209	2.819088935852051	-14.475902557373047
25.7840576171875	38.66178512573242	21.165912628173828
10.022021293640137	-4.1918230056762695	10.618029594421387
-20.290342330932617	-9.333895683288574	30.293439865112305
17.746597290039062	-1.3392225503921509	-15.960906982421875
-26.940250396728516	9.752448081970215	-7.804169178009033
18.21210479736328	18.081636428833008	21.811954498291016
-37.589969635009766	0.983741044998169	3.0545597076416016
-0.012950735166668892	-19.831470489501953	21.063520431518555
-13.116923332214355	-5.3031463623046875	-4.80409049987793
-11.236261367797852	27.275999069213867	-15.770270347595215
23.697092056274414	-0.4358421266078949	8.922262191772461
-30.961963653564453	22.856958389282227	-1.6459455490112305
31.601757049560547	-3.477654218673706	22.375783920288086
19.855052947998047	-21.89096450805664	17.823314666748047
-22.250917434692383	14.15073299407959	-10.000017166137695
15.712053298950195	10.012269020080566	20.70074462890625
-11.030293464660645	-37.043243408203125	-22.167280197143555
25.70026397705078	-25.569290161132812	-15.103982925415039
-22.263376235961914	-37.76899337768555	9.333370208740234
-33.080753326416016	9.90927791595459	25.9139347076416
-5.437116622924805	14.873814582824707	32.92427062988281
6.799861907958984	38.04887008666992	32.38212203979492
35.27582550048828	-39.191688537597656	-18.523866653442383
27.997224807739258	-37.779598236083984	4.3410964012146
21.948762893676758	-21.740365982055664	7.689452171325684
9.253554344177246	25.904951095581055	-1.8268481492996216
37.785560607910156	-29.913076400756836	33.461700439453125
-32.98585510253906	-8.577925682067871	-1.3064219951629639
38.83306884765625	10.688126564025879	23.0234375
-1.8063925504684448	-39.71221923828125	-11.636848449707031
37.93578338623047	11.546424865722656	-29.9647159576416
13.973480224609375	-7.7357401847839355	29.632749557495117
-15.649428367614746	25.913829803466797	-39.12175750732422
-19.567218780517578	-34.73774719238281	6.1988348960876465
-16.278623580932617	0.0014404358807951212	10.75291633605957
13.668017387390137	21.09109115600586	34.740413665771484
-38.90229797363281	9.817912101745605	-26.4624080657959
2.1165058612823486	-22.82993507385254	29.591033935546875
12.247922897338867	-27.025434494018555	39.17705535888672
25.70929718017578	37.247859954833984	-26.697797775268555
-19.68950843811035	-36.10095977783203	33.56182098388672
-16.284954071044922	9.609748840332031	-15.975467681884766
-23.596498489379883	-29.71223258972168	-23.039281845092773
-32.73573684692383	-28.51940155029297	35.62140655517578
-2.8162293434143066	0.3731076121330261	-9.337371826171875
23.09963035583496	-22.859960556030273	-4.400070667266846
-25.93475914001465	20.1794490814209	-10.094809532165527
33.823978424072266	10.651006698608398	27.297821044921875
3.7343311309814453	33.83371353149414	0.8584501147270203
-2.210249662399292	-18.903282165527344	36.32575607299805
29.396900177001953	17.155746459960938	-5.777883052825928
-5.725740909576416	36.985877990722656	16.765832901000977
-31.090255737304688	17.48458480834961	-14.757187843322754
-26.72535514831543	20.58017921447754	0.089236781001091
8.901111602783203	-21.473899841308594	19.92073631286621
26.587114334106445	10.80854606628418	35.83824920654297
-15.003691673278809	-17.512727737426758	20.8501033782959
39.611061096191406	-1.1777682304382324	-2.471796989440918
8.087395668029785	-37.73686981201172	-39.41145706176758
-14.812979698181152	17.949291229248047	5.859681606292725
-37.6758918762207	10.187973022460938	-23.155006408691406
33.95262145996094	-20.464935302734375	-39.72380828857422
24.857437133789062	25.281734466552734	35.63637161254883
27.36613655090332	1.5305123329162598	-9.166828155517578
6.173876762390137	22.386024475097656	-36.13429641723633
5.0084404945373535	-22.967042922973633	12.326117515563965
-17.976455688476562	-17.064483642578125	24.686452865600586
-25.57898712158203	12.703556060791016	19.546977996826172
12.459736824035645	2.5009572505950928	13.34811782836914
-20.159038543701172	9.316513061523438	34.38685989379883
39.507896423339844	-27.865066528320312	8.667797088623047
-23.89264678955078	-22.59419059753418	22.399486541748047
9.818276405334473	5.827337741851807	-29.034149169921875
-8.440556526184082	8.869782447814941	32.736106872558594
-10.863601684570312	13.988455772399902	-1.709838628768921
29.009605407714844	36.77101135253906	0.5451616644859314
-20.463272094726562	7.774853706359863	30.96942710876465
-23.92000961303711	30.550689697265625	12.173699378967285
33.918392181396484	37.64619827270508	37.939640045166016
8.177925109863281	-6.256882190704346	34.16367721557617
-22.895315170288086	-38.77113723754883	6.270676612854004
9.605239868164062	-2.60551118850708	-9.440752983093262
2.7516283988952637	-36.95036697387695	7.797646999359131
6.860533237457275	-7.604694366455078	37.919281005859375
25.871889114379883	31.760908126831055	24.939197540283203
36.26414489746094	-20.65536117553711	-19.928035736083984
-19.50278663635254	-35.17881393432617	-34.113067626953125
25.89339256286621	12.167006492614746	34.531005859375
-32.2365837097168	30.950428009033203	3.748779773712158
37.64826202392578	-20.826475143432617	15.70254135131836
-8.943981170654297	34.19047164916992	17.697111129760742
-33.96226119995117	-28.87311553955078	-30.661653518676758
33.769752502441406	-10.037705421447754	-12.13199234008789
-39.04493713378906	26.438060760498047	38.837318420410156
-31.48910903930664	5.004743576049805	22.00046157836914
-0.4435144364833832	-13.222769737243652	36.00421905517578
-38.12530517578125	-36.20018768310547	-25.72087860107422
37.89719772338867	29.748746871948242	28.42875099182129
24.74773597717285	-23.759002685546875	-30.314571380615234
23.36982536315918	27.405370712280273	-20.667097091674805
-32.240474700927734	-29.697561264038086	-16.082637786865234
-5.579259872436523	-25.35148048400879	-8.68338680267334
-1.5865330696105957	28.831274032592773	-24.080604553222656
26.641803741455078	-34.22294616699219	-28.52193260192871
-19.993112564086914	21.899333953857422	-32.41902160644531
16.98686408996582	13.835745811462402	20.5220890045166
17.394336700439453	18.340810775756836	-36.61263656616211
-20.13810920715332	-37.82453155517578	33.62078094482422
4.8596625328063965	6.178430557250977	7.874898433685303
4.96397066116333	-33.244510650634766	-1.5663721561431885
-23.96346092224121	30.35323715209961	-18.05011749267578
21.38953399658203	-9.109454154968262	-10.289604187011719
3.472841739654541	-34.96186828613281	-27.38873291015625
10.008692741394043	-31.6304988861084	15.363412857055664
-20.518220901489258	37.615970611572266	27.321407318115234
21.467050552368164	-35.9111328125	29.771772384643555
-15.2627592086792	21.68990707397461	18.435413360595703
-8.864737510681152	-2.160139560699463	17.760265350341797
-4.204475402832031	-10.324978828430176	4.283005714416504
13.616880416870117	38.812992095947266	-4.564473628997803
19.037071228027344	21.863706588745117	13.66259479522705
-29.307830810546875	37.40321731567383	10.80284595489502
-36.47588348388672	-19.393646240234375	-31.344093322753906
-20.38481903076172	-16.572561264038086	-14.266630172729492
24.28896713256836	-8.040177345275879	13.19662094116211
33.47378921508789	-26.096099853515625	4.832128047943115
-25.6391544342041	17.651371002197266	-2.594935894012451
-30.769840240478516	14.807251930236816	-39.98838424682617
-6.161717891693115	-29.999353408813477	20.94028091430664
-2.0314202308654785	-4.0880842208862305	-5.9383440017700195
-35.27783966064453	39.05818557739258	-21.966245651245117
-14.29360580444336	11.56614875793457	-8.045336723327637
12.36736011505127	7.981437683105469	39.14453887939453
-38.321990966796875	-10.354937553405762	-25.19498634338379
-21.520204544067383	20.9870548248291	39.870758056640625
32.86155700683594	2.7270326614379883	-21.41039276123047
31.29713249206543	27.834529876708984	25.15355682373047
30.85879898071289	-15.116860389709473	-19.337968826293945
-35.85685348510742	30.311941146850586	36.65788269042969
0.24864739179611206	2.603757381439209	21.475440979003906
23.580093383789062	11.676651000976562	-33.09049987792969
-31.187999725341797	-29.05768394470215	-16.662450790405273
22.05132484436035	12.655720710754395	37.36146926879883
8.00632381439209	21.796520233154297	-8.479744911193848
31.020376205444336	33.51400375366211	-14.934700965881348
38.178131103515625	16.969755172729492	30.785877227783203
-32.39168930053711	-26.525798797607422	6.89399528503418
35.63132095336914	37.21525573730469	-15.987141609191895
-13.505152702331543	-26.498624801635742	-21.765871047973633
18.06631088256836	35.19172668457031	4.2930989265441895
-12.328219413757324	-24.953845977783203	4.751893520355225
2.7101919651031494	25.996936798095703	29.677520751953125
-31.352190017700195	25.01605224609375	-1.818848967552185
-30.933942794799805	24.271474838256836	-37.68186569213867
-34.20013427734375	24.004785537719727	-6.046154499053955
-0.12386340647935867	6.327396869659424	36.32666778564453
6.985618591308594	4.5673699378967285	-3.8346364498138428
-5.9443464279174805	9.67328929901123	24.979496002197266
3.161518096923828	-18.202173233032227	-16.080530166625977
-30.659639358520508	26.355506896972656	-17.673320770263672
24.275991439819336	15.762678146362305	33.42734146118164
31.30183219909668	27.273422241210938	22.552339553833008
-19.455711364746094	-39.59169006347656	7.821769714355469
-36.42009735107422	34.42304229736328	4.389705181121826
-22.4560546875	-16.489253997802734	-32.3255500793457
35.33864212036133	-1.0837509632110596	29.360977172851562
-22.860607147216797	-25.41421890258789	11.102994918823242
-17.768461227416992	-32.210819244384766	37.818233489990234
39.60298538208008	-5.67462682723999	-35.32879638671875
-30.855327606201172	-5.991250991821289	-20.57484245300293
-30.108734130859375	-13.846468925476074	-36.56649398803711
-14.599446296691895	34.60614776611328	25.045448303222656
-15.179533004760742	38.00827407836914	19.746755599975586
17.827083587646484	37.0125846862793	20.385438919067383
-6.53314208984375	-20.296768188476562	-20.275911331176758
0.9579423069953918	19.382705688476562	-24.38882827758789
-24.184371948242188	-9.431447982788086	-17.70466423034668
-26.979488372802734	24.184772491455078	7.246109962463379
32.25837326049805	-8.785473823547363	-8.543169021606445
-14.892184257507324	-28.29901885986328	-25.59961700439453
-20.484895706176758	-5.478551864624023	32.09229278564453
-36.083839416503906	17.217313766479492	26.015098571777344
9.755134582519531	-35.54551315307617	25.850656509399414
4.708738803863525	-3.836404800415039	37.93609619140625
13.562386512756348	38.45931625366211	-9.811885833740234
0.1431039273738861	7.4009270668029785	-35.28184509277344
-29.532920837402344	36.008644104003906	-14.589581489562988
-8.576723098754883	-15.629408836364746	27.70022964477539
15.059711456298828	-33.066917419433594	-29.744848251342773
21.765348434448242	-35.86790084838867	-30.62335777282715
18.157257080078125	1.8984525203704834	17.342021942138672
-8.134955406188965	13.63296890258789	-5.6720499992370605
34.401275634765625	-19.602493286132812	36.734092712402344
10.849889755249023	18.236793518066406	-18.315814971923828
-31.98477554321289	13.225357055664062	-32.545658111572266
23.144855499267578	-32.15872573852539	8.76665210723877
32.36124801635742	-36.51417541503906	9.877081871032715
20.803909301757812	5.619506359100342	-6.998258113861084
22.242250442504883	-29.10563087463379	-5.402935981750488
-22.786985397338867	-36.75936508178711	16.83283042907715
9.381482124328613	33.8110466003418	21.544456481933594
33.155555725097656	-36.623111724853516	9.09919261932373
-31.126270294189453	-24.17250633239746	33.58348083496094
8.353108406066895	29.01810646057129	36.35932922363281
4.089818477630615	22.25485610961914	37.86240005493164
3.898831605911255	-15.643867492675781	32.0369758605957
-24.85944938659668	-20.610023498535156	14.652650833129883
24.456558227539062	-34.58451461791992	23.327539443969727
27.070104598999023	-38.14766311645508	-22.915098190307617
4.273340702056885	-10.910455703735352	1.656553030014038
-19.03066062927246	-14.804161071777344	-9.044824600219727
-39.614994049072266	-34.244327545166016	-15.27170181274414
9.747674942016602	-25.018747329711914	17.291717529296875
-19.56175422668457	-22.492889404296875	34.86858367919922
-13.950690269470215	32.91273498535156	-31.319473266601562
-36.61948776245117	-22.721662521362305	-4.910472393035889
-17.582801818847656	-30.855443954467773	-32.00898361206055
39.032108306884766	0.837084174156189	-39.279659271240234
27.963228225708008	15.546887397766113	-35.69024658203125
9.491397857666016	-13.908040046691895	12.930519104003906
28.990570068359375	4.475642204284668	28.805234909057617
30.710086822509766	-28.48377799987793	25.99353790283203
-30.48427391052246	13.755242347717285	-0.8966625332832336
7.108410358428955	37.07038116455078	14.519593238830566
17.281518936157227	-32.67063522338867	21.53351593017578
-27.663110733032227	-20.435035705566406	2.978307008743286
16.66555404663086	-9.526074409484863	-15.066255569458008
-3.262206792831421	34.234676361083984	2.5253794193267822
19.746278762817383	26.795818328857422	10.118239402770996
28.881235122680664	23.951522827148438	-24.476015090942383
-18.81981658935547	0.40610265731811523	3.037052869796753
-26.293926239013672	27.748991012573242	14.512534141540527
-30.32709312438965	6.657871723175049	-18.552589416503906
28.684062957763672	-22.652610778808594	21.12510108947754
11.218384742736816	-2.3739006519317627	18.21661376953125
14.085065841674805	30.64340591430664	10.208625793457031
37.9300651550293	22.473899841308594	-15.138982772827148
25.738727569580078	-19.87004852294922	-0.548440158367157
37.86903762817383	7.708322048187256	14.350430488586426
-34.0378303527832	3.4086828231811523	-23.598697662353516
12.325949668884277	-2.9480843544006348	1.9693539142608643
-12.828909873962402	14.292896270751953	-19.48432731628418
12.979897499084473	-6.976536750793457	-16.822021484375
7.2622389793396	8.989937782287598	-38.149436950683594
16.247949600219727	29.246923446655273	-12.0429105758667
-27.408010482788086	-21.022130966186523	36.236454010009766
33.044979095458984	34.54853820800781	33.197208404541016
-37.102073669433594	-35.510963439941406	-17.352102279663086
-13.910122871398926	-33.344451904296875	37.25450134277344
-31.822656631469727	-12.839960098266602	-36.79789733886719
-0.2941291630268097	-11.951732635498047	39.60753631591797
-31.818450927734375	-20.511123657226562	-16.77366065979004
10.56075382232666	24.214731216430664	8.935197830200195
39.8510856628418	-5.8953657150268555	-9.71823501586914
35.974159240722656	9.7059965133667	17.360668182373047
-3.5236358642578125	-37.85841369628906	17.095041275024414
-5.045260429382324	8.264081001281738	11.237434387207031
10.532590866088867	3.7158291339874268	19.69267463684082
18.415054321289062	-21.03177261352539	-34.70001983642578
33.039207458496094	-0.5930304527282715	20.828126907348633
37.53101348876953	-35.87727355957031	30.004117965698242
-5.023147106170654	23.147809982299805	-22.068193435668945
24.51874351501465	18.189605712890625	30.004791259765625
-39.696678161621094	34.543495178222656	-31.148237228393555
27.392194747924805	-15.370899200439453	-15.394411087036133
-27.88326644897461	0.040703702718019485	13.052906036376953
-37.735382080078125	-8.520136833190918	-13.472217559814453
15.009315490722656	2.442284345626831	22.674989700317383
37.23628234863281	-17.21563720703125	34.42242431640625
-29.120351791381836	8.545886993408203	17.41278839111328
28.67826271057129	36.23673629760742	-13.249824523925781
-10.970608711242676	24.91050148010254	21.11142921447754
37.27851867675781	4.397820472717285	-9.760632514953613
6.776687145233154	-2.283398151397705	-32.52601623535156
-8.970727920532227	-33.270668029785156	17.528945922851562
-13.256101608276367	-21.35165023803711	28.879371643066406
-25.96518898010254	3.4960930347442627	-36.388282775878906
-9.637258529663086	9.394131660461426	12.313909530639648
-4.942539691925049	-0.8855927586555481	-24.8276309967041
-23.68974494934082	27.813945770263672	-19.365253448486328
-39.01626205444336	39.17279052734375	31.92462730407715
10.836650848388672	3.1843504905700684	21.10020637512207
30.358821868896484	34.8559455871582	16.411231994628906
-28.250818252563477	6.5986738204956055	-23.60516929626465
9.117703437805176	-38.62632369995117	-12.656681060791016
33.963096618652344	1.9169824123382568	37.940914154052734
-3.371920347213745	12.31251049041748	34.05189895629883
19.091697692871094	-24.566524505615234	37.1763801574707
-20.821325302124023	20.022480010986328	-10.207341194152832
7.922577857971191	-34.109825134277344	15.859550476074219
-12.490090370178223	4.39369010925293	-9.209795951843262
36.61008834838867	0.24142403900623322	3.493096113204956
-29.2623291015625	-39.88615036010742	-0.42067447304725647
0.6053565144538879	7.021352767944336	7.77433443069458
-10.407073974609375	-2.5469775199890137	-22.4870548248291
2.6852405071258545	31.463031768798828	26.740694046020508
-3.5043177604675293	-20.08367919921875	38.513755798339844
35.73097229003906	17.680255889892578	23.694232940673828
28.994169235229492	-30.80703353881836	38.90935134887695
38.95935821533203	-31.701984405517578	4.061091423034668
2.5967535972595215	-35.564884185791016	14.720060348510742
-7.075307846069336	39.85672378540039	-34.565250396728516
-20.39383316040039	-23.515625	-39.28877258300781
4.420393466949463	-38.61259841918945	12.046185493469238
37.950077056884766	-36.62627029418945	5.174226760864258
32.08176803588867	-29.056447982788086	38.399898529052734
-5.920726776123047	-39.981197357177734	-16.45708465576172
-18.172399520874023	14.235943794250488	-13.102978706359863
37.6815299987793	21.20943832397461	3.9757421016693115
-26.1191349029541	-26.047279357910156	-25.002092361450195
10.316679000854492	10.460189819335938	32.48899459838867
15.271270751953125	33.88589859008789	-37.093170166015625
37.5506706237793	1.4701623916625977	-37.392154693603516
-10.625792503356934	19.668771743774414	-5.729223728179932
13.310643196105957	10.307700157165527	-33.110389709472656
22.660066604614258	14.289735794067383	6.529430389404297
-10.237296104431152	-20.077695846557617	10.200894355773926
-12.883761405944824	-12.026363372802734	2.4270169734954834
10.05490779876709	26.033794403076172	-9.077458381652832
32.1994743347168	-37.570560455322266	11.731781005859375
19.47647476196289	-1.0589559078216553	-5.349148750305176
18.307477951049805	25.160762786865234	19.961345672607422
-35.60118103027344	-16.869199752807617	-11.867246627807617
-5.402780532836914	9.224084854125977	31.2871036529541
21.009258270263672	-18.68783187866211	16.93707847595215
26.34505271911621	21.21057891845703	-37.26659393310547
2.4180564880371094	1.8002771139144897	38.38138961791992
18.607986450195312	-39.99949645996094	26.668460845947266
12.532736778259277	-30.336151123046875	-35.790401458740234
14.369872093200684	30.81977081298828	-0.30877044796943665
-26.403547286987305	27.194232940673828	0.2957930564880371
33.59029006958008	39.57467269897461	-1.2451155185699463
6.306964874267578	6.566064357757568	-0.06284445524215698
0.09543924033641815	-0.040992189198732376	-0.03414461761713028
-0.04199780523777008	0.05496244877576828	0.014486996456980705
-0.026192249730229378	-0.03693413734436035	0.04503835365176201
0.07319638133049011	-0.05034589022397995	0.07288240641355515
-0.017825325950980186	-0.0395708791911602	-0.04199373722076416
0.02992289513349533	-0.0722431093454361	0.07323233783245087
0.013219580054283142	0.05068216100335121	-0.07794356346130371
0.02711540274322033	-0.027336912229657173	-0.006755244918167591
-0.04332121089100838	0.06545772403478622	0.02699638530611992
0.0774112194776535	0.04666445404291153	0.06945253163576126
0.09828697890043259	-0.06200539693236351	0.08592381328344345
-0.06516809016466141	-0.013639898039400578	0.01320288423448801
0.019379278644919395	-0.0720541924238205	0.03446730598807335
-0.006213368847966194	0.041052453219890594	-0.08684609830379486
0.0695926621556282	-0.03785161301493645	-0.0279394518584013
0.03244076669216156	0.026132985949516296	-0.0939471498131752
0.08817794173955917	-0.001996921142563224	0.043214693665504456
0.03465408459305763	-0.09407151490449905	0.09597936272621155
0.024743665009737015	-0.024889472872018814	0.08171772956848145
0.05955290049314499	0.047875579446554184	0.07768728584051132
-0.06310970336198807	-0.01783483475446701	0.03795269504189491
-0.07174461334943771	-0.0779464989900589	-0.043148983269929886
-0.0890876054763794	-0.08078733086585999	-0.013976532965898514
-0.0063247992657125	-0.09259255975484848	0.03866208344697952
0.0972098633646965	0.039089135825634	-0.041634608060121536
-0.006681346800178289	-0.020245706662535667	-0.07645143568515778
0.021997837349772453	-0.09221134334802628	-0.024612009525299072
0.06343042105436325	-0.04702959582209587	-0.020663095638155937
-0.06275101751089096	0.04375243932008743	-0.03912809118628502
-0.08864752948284149	0.008072792552411556	-0.06399955600500107
-0.04084055870771408	0.07735539227724075	0.0571119450032711
0.07500273734331131	0.008488054387271404	0.0864526778459549
-0.06982201337814331	0.019233617931604385	0.08004765957593918
-0.09588959068059921	0.032427385449409485	-0.05327814817428589
0.03883356600999832	0.019879035651683807	0.020248163491487503
0.0005626268102787435	-0.0063711474649608135	0.06864845007658005
-0.08657199889421463	-0.034516554325819016	0.018837403506040573
0.050413165241479874	-0.02417813427746296	-0.020827678963541985
0.07355057448148727	-0.07124463468790054	0.09961040318012238
-0.06694035977125168	0.09274879097938538	-0.015881896018981934
-0.07874558866024017	0.08503732085227966	0.014487050473690033
0.09577877819538116	0.0734722912311554	0.06116050109267235
-0.07165492326021194	-0.0963621661067009	-0.0779758095741272
-0.01953950524330139	0.0016507143154740334	0.004690158646553755
0.012655442580580711	0.022419802844524384	0.06139907240867615
-0.06670071184635162	0.04385896772146225	-0.08860553801059723
0.099505215883255	0.020007625222206116	-0.08857796341180801
0.03442073240876198	-0.03164655715227127	0.02227793075144291
0.005861752200871706	-0.06348009407520294	-0.0594305545091629
0.034770384430885315	0.0029443330131471157	-0.0017919878009706736
0.03392595425248146	-0.027666980400681496	-0.07668476551771164
0.021751977503299713	0.07272043824195862	0.007762750145047903
0.03177289292216301	-0.08929918706417084	-0.011311578564345837
-0.004787565674632788	-0.0021683499217033386	0.043040551245212555
0.06179904192686081	-0.04997812584042549	0.004439293406903744
-0.08150480687618256	0.025103384628891945	0.01773945800960064
0.07313591241836548	0.05483442172408104	0.0949249118566513
-0.0493781752884388	0.06981392204761505	-0.022573042660951614
-0.0861874595284462	-0.03774917498230934	-0.07887151837348938
0.014661205001175404	-0.03292354941368103	0.048510584980249405
-0.03040192276239395	-0.04946456477046013	-0.031722672283649445
-0.02125980146229267	0.056895673274993896	-0.0694885328412056
-0.0018273756140843034	-0.038958679884672165	0.05914627015590668
-0.042851924896240234	0.023566821590065956	-0.006293063051998615
-0.05920608714222908	-0.07997702807188034	0.07626934349536896
-0.02421778067946434	0.08462709933519363	0.03785944730043411
-0.0013614860363304615	-0.028088822960853577	0.07477822154760361
-0.061755452305078506	0.0666806548833847	-0.008927268907427788
0.038290783762931824	-0.022459959611296654	0.046553682535886765
0.08511243015527725	-0.0030740732327103615	0.05595659092068672
-0.09583583474159241	-0.04319370910525322	-0.04679739475250244
-0.0907110869884491	-0.04423821344971657	0.031721681356430054
0.07537655532360077	-0.023866044357419014	-0.09398762881755829
0.0633377954363823	-0.05282595381140709	0.04383590444922447
-0.03297276422381401	-0.076833076775074	0.07443583011627197
0.0016478403704240918	-0.05410883203148842	0.015574502758681774
0.0924774780869484	-0.07786848396062851	-0.09563522785902023
0.022500555962324142	-0.0344650074839592	-0.053977128118276596
0.015833169221878052	-0.007999813184142113	0.060977738350629807
0.09531817585229874	0.05750155448913574	0.08566328138113022
0.028111211955547333	0.04770031198859215	-0.06737067550420761
0.06339504569768906	0.058377478271722794	0.0685509517788887
0.010100262239575386	-0.061483971774578094	0.07926927506923676
-0.00696276081725955	0.0009758670348674059	-0.023901082575321198
-0.026680512353777885	0.0341874323785305	0.06901043653488159
-0.08674240112304688	-0.06011984124779701	-0.0014835302717983723
0.0488864928483963	-0.08526955544948578	0.02316608838737011
0.04584925249218941	0.0884990468621254	-0.04479702189564705
0.039142806082963943	0.09851252287626266	0.0763198509812355
-0.0013153769541531801	0.008071349002420902	-0.08078460395336151
0.04555247724056244	0.05539954826235771	-0.08107397705316544
-0.06402038037776947	-0.09920839965343475	0.04512841999530792
-0.011669999919831753	-0.03264961764216423	-0.08890556544065475
-0.03975004330277443	-0.05491764470934868	-0.04917868226766586
0.07711739838123322	-0.02592667192220688	0.06179659813642502
0.07211174815893173	-0.017644325271248817	0.005369675811380148
0.07770705223083496	0.0004513157473411411	-0.0374719612300396
-0.07313334196805954	-0.02316097542643547	0.06609446555376053
0.09466081857681274	-0.002180170500651002	-0.07479285448789597
-0.06620200723409653	-0.06310521811246872	0.04113307222723961
0.01508621871471405	-0.06806667149066925	-0.01353129930794239
0.00702306255698204	0.04654489830136299	0.01200407836586237
0.0977092981338501	-0.02187936007976532	0.0062959338538348675
-0.055741455405950546	-0.08866232633590698	-0.057642966508865356
0.05277060717344284	0.0015321171376854181	0.09835388511419296
-0.049398273229599	0.0036882723215967417	-0.034421879798173904
0.09466714411973953	-0.019877536222338676	0.06472872197628021
-0.04867275804281235	-0.0779372826218605	0.0678403377532959
-0.022115064784884453	0.08036082237958908	0.0459693968296051
-0.09120066463947296	0.049019940197467804	0.09569715708494186
-0.035071734338998795	0.08286773413419724	0.05684852600097656
0.08150167763233185	0.09341534227132797	0.018466297537088394
-0.03478214889764786	0.09829902648925781	-0.08837153017520905
-0.08586235344409943	-0.029396716505289078	-0.032073911279439926
0.005672526080161333	-0.04673795402050018	0.0886288434267044
0.0792955756187439	0.0029375411104410887	-0.04111694172024727
-0.0027658233884721994	0.01272757537662983	0.09269607067108154
0.064682237803936	-0.07975531369447708	0.03686347231268883
0.08474638313055038	0.06496783345937729	-0.002857031300663948
0.06622104346752167	0.09995155036449432	0.08951858431100845
-0.05205139145255089	-0.025477763265371323	-0.034237150102853775
-0.028184762224555016	-0.09527500718832016	0.018048839643597603
0.06072935089468956	-0.04489375650882721	0.006543067749589682
0.010247673839330673	0.047466304153203964	0.022876616567373276
-0.06397508084774017	-0.024318698793649673	-0.034734610468149185
0.02070757932960987	-0.05962958186864853	0.08341477811336517
0.07867280393838882	0.028298208490014076	-0.005960643757134676
-0.06898239254951477	-0.08647365123033524	-0.042332787066698074
-0.07469743490219116	-0.056653738021850586	0.08332899957895279
-0.02517888881266117	0.059277862310409546	0.02246263436973095
0.05282343178987503	-0.04373246431350708	-0.0253144558519125
0.09338278323411942	-0.033011239022016525	-0.07400203496217728
-0.08922431617975235	-0.07973884046077728	0.027022697031497955
-0.08419673889875412	-0.0005558752454817295	0.044158224016427994
-0.047348082065582275	-0.07600754499435425	0.07247663289308548
0.055657122284173965	-0.07168363779783249	-0.027550794184207916
0.013628298416733742	-0.030540302395820618	0.024682937189936638
-0.017398348078131676	-0.0729016438126564	0.04166732728481293
0.07624487578868866	0.011797669343650341	0.0028622406534850597
0.007733141537755728	-0.001904310192912817	-0.08675060421228409
0.09712672233581543	-0.06593064963817596	0.08413804322481155
0.0999673530459404	-0.005084532778710127	0.04152454063296318
0.008291705511510372	0.05820004642009735	-0.099422886967659
-0.05749373883008957	-0.05637846142053604	0.07374072074890137
-0.02854752540588379	0.022143490612506866	0.04233972728252411
0.018690191209316254	0.08947478979825974	0.062159083783626556
-0.007697494700551033	0.03587649017572403	0.009479659609496593
-0.05377735570073128	-0.06051689013838768	-0.09076067060232162
-0.05152859911322594	-0.03560918942093849	0.011617196723818779
-0.039167217910289764	-0.09662166237831116	0.05369219928979874
-0.08015167713165283	0.03668913245201111	0.019314473494887352
-0.008066819980740547	-0.058717746287584305	-0.0059217908419668674
-0.030481193214654922	0.03800870478153229	0.009231681004166603
-0.032029889523983	0.028688279911875725	-0.09033650904893875
0.09752156585454941	0.02817746438086033	-0.09977395087480545
-0.02910398319363594	0.05057917907834053	-0.09782569855451584
0.08906074613332748	-0.07632433623075485	0.08017273992300034
0.03846830874681473	-0.08745533227920532	-0.024316824972629547
0.07597459852695465	-0.09125266224145889	-0.02994779869914055
0.03399866446852684	-0.05845146253705025	-0.005269478540867567
-0.04172707721590996	0.0031015609856694937	-0.06198219582438469
0.0904819667339325	-0.025732502341270447	0.026813263073563576
0.026178093627095222	0.042436473071575165	-0.027193522080779076
0.0802270844578743	0.051020070910453796	0.00885185319930315
0.03237559646368027	-0.018536977469921112	-0.02160205878317356
0.0205233171582222	-0.041235487908124924	0.019096635282039642
-0.021442139521241188	-0.0018215079326182604	0.07907000184059143
0.047168757766485214	-0.07932977378368378	0.013256213627755642
0.02719413861632347	0.09394438564777374	0.07478693127632141
-0.07870981842279434	-0.014296194538474083	0.00693275174126029
-0.014712889678776264	-0.016697226092219353	0.07267095893621445
-0.03909633308649063	-0.019635064527392387	-0.03419877588748932
-0.09696206450462341	0.0594203919172287	-0.0862598642706871
0.08919104933738708	0.06845179200172424	-0.023625925183296204
-0.06506496667861938	-0.031039148569107056	-0.06663652509450912
0.000704813573975116	0.09218572080135345	-0.0038327956572175026
0.014401882886886597	-0.015378762036561966	-0.0971992239356041
0.020372383296489716	-0.08131761848926544	0.06601158529520035
-0.08453772962093353	-0.06712173670530319	0.09509345889091492
-0.03083283267915249	0.07353565841913223	-0.053965386003255844
-0.0008286454249173403	0.07485942542552948	0.06511763483285904
0.05995248258113861	-0.07032575458288193	-0.030110513791441917
-0.010308570228517056	-0.030058110132813454	-0.08012576401233673
-0.0236907247453928	-0.04933232441544533	-0.050734180957078934
-0.02574833296239376	-0.07262449711561203	-0.03783305734395981
-0.0721210390329361	0.08145540207624435	0.07842253148555756
-0.04143053665757179	-0.08920130878686905	0.011830129660665989
0.009993859566748142	0.07720179855823517	-0.09136497229337692
-0.08221179246902466	-0.06609039753675461	0.009664553217589855
-0.07425715774297714	0.061006709933280945	0.012995583936572075
0.026729991659522057	-0.021616525948047638	0.08639396727085114
-0.03962929919362068	0.09180797636508942	-0.031862523406744
0.011442779563367367	0.09196549654006958	-0.05393746867775917
0.0507049597799778	0.013329570181667805	-0.09931562095880508
0.09302739799022675	-0.042613137513399124	-0.07951729744672775
-0.04988962784409523	0.0035824081860482693	-0.08753534406423569
0.01184091717004776	-0.05460047349333763	0.030233625322580338
0.032535821199417114	-0.006880577653646469	-0.07376739382743835
-0.045635294169187546	-0.09763748198747635	0.08646927773952484
0.050101932138204575	0.05270761623978615	0.08766801655292511
-0.09131859987974167	0.027754442766308784	0.08510226011276245
0.02323206141591072	-0.06357485800981522	-0.05483602359890938
-0.07494881004095078	0.02720596455037594	0.04021381586790085
-0.014408127404749393	0.025046078488230705	-0.068330317735672
-0.04871110990643501	0.0675506666302681	-0.027711132541298866
-0.05840720608830452	0.03480084612965584	-0.09699128568172455
0.04527635499835014	0.006490970961749554	0.06778491288423538
0.05890893563628197	-0.03536667674779892	-0.06533419340848923
0.025769449770450592	0.058505523949861526	0.02850811555981636
0.0969831719994545	0.0627572163939476	-0.013000555336475372
-0.005402324255555868	0.05907053500413895	0.001250620000064373
0.07901830971240997	0.01690457947552204	-0.012901597656309605
-0.008106977678835392	-0.09997347742319107	0.013181454502046108
-0.02064567059278488	0.041100140661001205	0.02177967131137848
0.03590536117553711	-0.015663588419556618	-0.03473184257745743
-0.01993510313332081	0.006422390230000019	-0.05440929904580116
0.010904339142143726	-0.04032137617468834	-0.0881623700261116
0.04313673451542854	-0.08550138026475906	0.03691911697387695
0.09244371950626373	0.0768672302365303	-0.06185748800635338
0.09987290948629379	-0.0471934974193573	-0.07026788592338562
-0.026221195235848427	-0.02921212650835514	0.05348880961537361
0.05820698291063309	0.0327746607363224	-0.018597612157464027
-0.08903191238641739	0.011649934574961662	-0.09297660738229752
-0.08137180656194687	-0.02115161530673504	0.023807434365153313
0.05212361738085747	0.06124735251069069	0.017732571810483932
0.06897912174463272	-0.047718435525894165	-0.09465813636779785
-0.013063967227935791	-0.08517523854970932	-0.014555634930729866
0.05079815536737442	-0.03306233137845993	-0.08244400471448898
0.023361429572105408	0.030911466106772423	0.021908480674028397
0.057155124843120575	-0.020869756117463112	0.019597485661506653
-0.038952723145484924	0.012425807304680347	-0.0654091015458107
-0.00563985388725996	-0.027700521051883698	-0.07319524884223938
0.06237289309501648	0.006970980204641819	0.03230568766593933
-0.060585521161556244	0.017961818724870682	-0.06068126857280731
0.09233012050390244	-0.0980135127902031	0.0020290177781134844
-0.07125386595726013	0.07999390363693237	-0.01786152459681034
-0.03329737111926079	-0.09439662843942642	-0.010478364303708076
0.015223135240375996	-0.06960941851139069	-0.011590787209570408
-0.004341538529843092	-0.04459644854068756	0.046182021498680115
-0.014165728352963924	0.04041643440723419	-0.04107944294810295
0.0873488113284111	0.013409527018666267	-0.006770134903490543
0.04591750353574753	0.0792744904756546	0.057642724364995956
-0.04934890568256378	-0.020508022978901863	0.02810058929026127
0.08874844014644623	0.04406716302037239	-0.0789463222026825
0.08133470267057419	-0.08152040094137192	-0.015036771073937416
0.05135062336921692	-0.0354779027402401	-0.043433643877506256
0.01180647499859333	-0.03753751888871193	-0.017758600413799286
0.050307899713516235	-0.04461507871747017	0.09487424045801163
0.03520975634455681	0.08344154804944992	0.08111846446990967
0.005955883301794529	0.013885150663554668	0.08178011327981949
-0.09573285281658173	-0.021941453218460083	-0.04177159070968628
-0.0404086671769619	0.018935706466436386	-0.008584634400904179
0.03969495743513107	-0.027722163125872612	-0.034905098378658295
0.045942071825265884	-0.054196279495954514	-0.05545947700738907
0.05786509066820145	-0.09697122871875763	-0.060717687010765076
-0.0219099298119545	0.0023137677926570177	0.08473027497529984
-0.018217086791992188	-0.002266955329105258	0.05281689018011093
0.05765506252646446	0.04951898753643036	0.019262904301285744
0.005067978519946337	-0.008550658822059631	0.04848666116595268
0.024357561022043228	-0.030623404309153557	0.01309965830296278
0.07058750092983246	-0.04505462199449539	-0.05328011140227318
0.07262145727872849	0.09223656356334686	0.015241187065839767
0.06251031160354614	-0.014824928715825081	-0.04640960320830345
-0.06533297151327133	0.04331207275390625	-0.0658542811870575
0.05756179615855217	0.071714386343956	0.05503218621015549
-0.06376972049474716	0.04486072435975075	0.06135984882712364
-0.01974293775856495	-0.06280233711004257	0.08933715522289276
0.07440577447414398	-0.0714784637093544	0.03126192092895508
0.06784676015377045	-0.01594674587249756	-0.018545405939221382
-0.0028339663986116648	0.05173267424106598	0.07628779113292694
0.036672625690698624	0.02832767367362976	-0.061314526945352554
-0.07070370018482208	-0.026712482795119286	-0.07513372600078583
-0.024102773517370224	0.023003529757261276	0.02177310921251774
0.025326810777187347	-0.09577175229787827	-0.05099167302250862
-0.018816344439983368	-0.008204136975109577	-0.0851777121424675
0.05802692472934723	-0.024192651733756065	-0.04906412214040756
-0.0984484925866127	0.09122304618358612	-0.07652467489242554
0.018441282212734222	0.07595766335725784	-0.09060754626989365
-0.09020708501338959	0.012322583235800266	-0.08896160870790482
0.07265425473451614	-0.011619177646934986	-0.033306021243333817
-0.003914303611963987	0.08490286022424698	0.022094544023275375
-0.08193176239728928	-0.033197320997714996	-0.07154995948076248
-0.09117017686367035	0.014787307009100914	0.07811801135540009
-0.060900378972291946	-0.004317864775657654	-0.044219713658094406
-0.09020630270242691	0.025052867829799652	-0.08155976980924606
-0.05507786571979523	0.05399010330438614	-0.01517375186085701
0.09984223544597626	0.07461176067590714	-0.09795919060707092
0.06498723477125168	0.005356104578822851	0.09946803003549576
-0.07084307819604874	0.09251996874809265	-0.015302032232284546
-0.04874016344547272	-0.07327569276094437	0.044614631682634354
-0.010871900245547295	0.02967335470020771	0.012612340971827507
0.027779631316661835	0.01864580251276493	0.08647966384887695
-0.09850063174962997	0.0033050712663680315	0.08274104446172714
0.09386824071407318	0.00039224233478307724	-0.015570462681353092
0.06632958352565765	0.017433064058423042	-0.020538918673992157
-0.08178797364234924	-0.07048362493515015	-0.036992523819208145
-0.05026876926422119	0.003730718744918704	0.015063353814184666
0.04950624331831932	0.014569813385605812	0.04839117452502251
-0.007533746305853128	0.0032520792447030544	-0.04930968955159187
0.00023470933956559747	0.00288935168646276	0.07145349681377411
-0.04778003692626953	0.02337903343141079	0.05151974409818649
0.006354123819619417	-0.0019350165966898203	-0.0769834965467453
0.056967705488204956	-0.08318451792001724	-0.023331310600042343
-0.011180366389453411	-0.06354812532663345	-0.02601492591202259
0.08291823416948318	-0.09019835293292999	0.034052129834890366
-0.09443706274032593	0.07310803234577179	-0.05383642390370369
-0.01466294564306736	0.0865851491689682	-0.08622965961694717
-0.03641009330749512	-0.03676252439618111	0.08907167613506317
0.0877944752573967	0.04590429738163948	-0.09613709151744843
0.027643810957670212	-0.0820513442158699	-0.02946285717189312
-0.030074307695031166	0.09169706702232361	-0.06499265134334564
0.09438614547252655	-0.023602023720741272	-0.09490770101547241
-0.007510782219469547	-0.03640124201774597	-0.053393684327602386
-0.07235762476921082	-0.05709361657500267	-0.014643228612840176
-0.060593366622924805	0.008353138342499733	0.03483254089951515
-0.07607152312994003	0.06114669144153595	0.09064172208309174
-0.021687239408493042	-0.06312147527933121	0.07938990741968155
0.022427480667829514	-0.021827269345521927	0.05958642438054085
0.018383974209427834	-0.011082765646278858	-0.050214480608701706
-0.04705103859305382	-0.07010725140571594	-0.06513712555170059
-0.06482234597206116	-0.00566320214420557	-0.04404653236269951
-0.06205642223358154	0.03818061575293541	0.03189728781580925
-0.0711635872721672	-0.08417440950870514	-0.02830447629094124
0.01150453556329012	0.06595339626073837	-0.05435311049222946
-0.014415808022022247	0.05058906599879265	0.03148062527179718
0.08108242601156235	-0.07539413869380951	0.03958131745457649
0.07274089753627777	-0.01846195012331009	-0.04361831024289131
0.01896916702389717	-0.026651177555322647	0.07596386224031448
-0.021125487983226776	0.06144912168383598	-0.008907411247491837
-0.010673743672668934	0.030735617503523827	-0.02914510667324066
0.057787489145994186	-0.003071234095841646	-0.08195602148771286
-0.008760355412960052	-0.08848545700311661	-0.0026380012277513742
0.019345378503203392	-0.009389657527208328	0.05820894241333008
-0.026490820571780205	0.048520203679800034	-0.09402856975793839
0.027987126260995865	-0.08964820951223373	0.05894939973950386
-0.0015310385497286916	-0.018804822117090225	0.03430882841348648
-0.08589958399534225	-0.010417460463941097	0.08967310935258865
0.04052070155739784	-0.007706775330007076	-0.04056905582547188
-0.020454896613955498	0.0415894091129303	0.06686071306467056
0.027617547661066055	0.031479477882385254	-0.015020706690847874
0.008814391680061817	-0.09881753474473953	0.025134507566690445
18.759506225585938	14.642001152038574	19.5913143157959
19.426448822021484	3.3973939418792725	11.096331596374512
-36.048065185546875	-18.820531845092773	32.885963439941406
-38.143585205078125	10.764288902282715	46.99087142944336
-23.708316802978516	17.97774314880371	-40.53821563720703
21.247329711914062	16.386188507080078	14.482254028320312
-14.415247917175293	-32.10477828979492	-32.62811279296875
33.50585174560547	24.955760955810547	13.735448837280273
-24.126314163208008	18.816776275634766	27.34461784362793
2.730379343032837	25.663745880126953	20.86370849609375
33.85579299926758	29.627864837646484	-44.51652908325195
-13.586812973022461	-43.58940887451172	19.61290168762207
-39.56149673461914	36.20043182373047	-39.758358001708984
14.505985260009766	-11.220928192138672	34.94248962402344
20.9254150390625	30.233074188232422	31.603490829467773
-25.28989028930664	37.762813568115234	46.034515380859375
25.924762725830078	24.71468162536621	16.386188507080078
-9.835321426391602	6.620057582855225	5.436768054962158
31.8499755859375	28.961647033691406	31.614980697631836
42.578147888183594	9.624507904052734	16.3174991607666
33.34177017211914	-41.808895111083984	-35.69927215576172
27.44088363647461	-34.931365966796875	-30.259477615356445
6.004999160766602	13.021159172058105	33.02073287963867
7.299309253692627	19.61138916015625	36.0720100402832
-5.726944446563721	11.148435592651367	40.766536712646484
23.78782081604004	29.878705978393555	-36.426719665527344
42.152305603027344	-38.82961654663086	0.6495988965034485
11.512253761291504	39.3403434753418	18.251195907592773
23.93674659729004	26.842689514160156	-36.83310317993164
20.657665252685547	39.23024368286133	-22.84490203857422
1.6849185228347778	16.542457580566406	-12.887198448181152
-37.941062927246094	-33.08583450317383	-44.20237731933594
36.09611511230469	3.8242368698120117	33.42951583862305
-23.748186111450195	18.08747673034668	21.342529296875
-37.373226165771484	35.78379440307617	44.49088668823242
26.26773452758789	17.142562866210938	3.70981764793396
-41.786781311035156	23.214527130126953	31.661325454711914
39.79635238647461	-43.382686614990234	32.59401321411133
-2.9000260829925537	2.988065719604492	-30.204708099365234
29.422344207763672	5.572558879852295	-34.02554702758789
39.73401641845703	-33.45281219482422	-46.47506332397461
24.411663055419922	18.704423904418945	9.368202209472656
16.322702407836914	27.624290466308594	2.820596218109131
32.66847610473633	33.02073287963867	20.27898406982422
-44.053794860839844	21.47808265686035	18.428640365600586
9.476028442382812	-34.32752990722656	13.168595314025879
9.24936580657959	14.364585876464844	14.815947532653809
36.29792022705078	-9.217733383178711	29.43161964416504
-39.6375732421875	-5.529747009277344	37.82951354980469
33.76103591918945	42.70888900756836	38.5119514465332
11.322311401367188	25.227745056152344	17.371124267578125
20.3693790435791	-29.29103660583496	21.14999771118164
-27.231164932250977	4.266164779663086	-35.15827560424805
-4.417666912078857	-30.96666145324707	39.79635238647461
17.82512664794922	34.94248962402344	39.73401641845703
-15.973227500915527	-19.769052505493164	35.558284759521484
-19.334697723388672	24.22926139831543	-11.796850204467773
12.480241775512695	15.879172325134277	30.54131317138672
-35.28884506225586	-34.99967575073242	30.728107452392578
3.5834884643554688	-21.19261932373047	11.141769409179688
-38.64021301269531	30.740903854370117	19.275365829467773
23.41330337524414	29.112253189086914	14.482254028320312
33.307533264160156	-29.252155303955078	-42.370697021484375
14.994903564453125	33.69258117675781	21.615833282470703
33.54011535644531	24.010417938232422	33.42951583862305
31.22617530822754	30.18157196044922	30.067150115966797
5.282683372497559	11.578265190124512	-38.548980712890625
39.32597732543945	-42.09828567504883	-37.99357986450195
0.4023905396461487	35.971431732177734	33.4580192565918
-40.862403869628906	-39.56149673461914	35.05509948730469
9.557106018066406	29.283578872680664	35.770538330078125
23.41121482849121	-21.774520874023438	23.67675018310547
17.948123931884766	28.1052303314209	26.26773452758789
23.0676326751709	7.452817916870117	33.01605224609375
-2.865015983581543	8.075185775756836	11.035653114318848
29.96587562561035	25.69146156311035	-27.963056564331055
-28.969907760620117	40.05420684814453	35.848899841308594
29.627864837646484	-33.98160171508789	-38.15559387207031
21.104276657104492	36.26072311401367	25.795324325561523
9.779946327209473	26.954912185668945	-21.185285568237305
-29.177404403686523	41.434566497802734	41.88603210449219
28.640621185302734	26.647533416748047	7.027754306793213
41.947509765625	38.92683792114258	-40.590206146240234
-38.77302932739258	-36.104305267333984	41.7319221496582
-3.3697121143341064	25.36922264099121	37.18710708618164
-33.51890563964844	-29.29103660583496	23.32062339782715
-11.796850204467773	0.4449545741081238	35.848899841308594
10.13036060333252	12.935311317443848	-36.77432632446289
31.661325454711914	-12.4924955368042	6.523165225982666
7.263896942138672	21.12537384033203	-46.861427307128906
26.900205612182617	-36.11361312866211	37.56269073486328
20.692609786987305	39.56673049926758	19.535137176513672
42.152305603027344	-40.53821563720703	46.23986053466797
23.49142074584961	23.822107315063477	41.556129455566406
-1.3013803958892822	31.998743057250977	3.3973939418792725
27.00232696533203	-21.034013748168945	15.834508895874023
-40.32363510131836	35.52013397216797	17.79408836364746
34.55510330200195	21.615833282470703	24.00870132446289
-44.771018981933594	-16.206432342529297	40.96943664550781
-4.647810935974121	23.03546714782715	27.50140380859375
13.336278915405273	-3.3348474502563477	-7.41793155670166
28.97105598449707	27.17255210876465	12.72446346282959
30.115055084228516	43.49739074707031	1.1713529825210571
31.500917434692383	-22.0074405670166	35.52013397216797
44.67927169799805	4.124717712402344	5.055050373077393
-32.93125915527344	23.94769859313965	20.513416290283203
34.3917236328125	3.689429521560669	-39.17036819458008
24.74530792236328	30.88351058959961	-29.755565643310547
-32.956546783447266	19.72159767150879	-32.96237564086914
11.945035934448242	38.4920654296875	21.48168182373047
-36.5118522644043	35.00338363647461	1.005249261856079
-18.260751724243164	22.218448638916016	39.64164352416992
30.740903854370117	34.51157760620117	21.570615768432617
29.565837860107422	8.0132474899292	1.5601136684417725
-9.244746208190918	48.269447326660156	35.839508056640625
21.744924545288086	37.930763244628906	-45.11699295043945
37.640594482421875	25.45365333557129	-33.051177978515625
-43.382686614990234	-36.048065185546875	37.787967681884766
-27.31209373474121	16.339134216308594	14.468741416931152
10.57382869720459	4.982741355895996	25.389358520507812
17.910974502563477	-27.659278869628906	-27.659278869628906
35.558284759521484	39.09638977050781	27.74041748046875
-36.64318084716797	-10.007190704345703	27.937816619873047
-6.430606365203857	21.843515396118164	5.055050373077393
27.601783752441406	37.87251281738281	-28.601280212402344
-33.043426513671875	-10.984196662902832	-40.157596588134766
-11.932716369628906	18.698436737060547	26.364152908325195
-32.538490295410156	32.66035461425781	41.999935150146484
17.29436683654785	28.562856674194336	18.698436737060547
-16.59428596496582	-4.277351379394531	-6.6579108238220215
28.961647033691406	-36.75229263305664	8.010419845581055
36.248477935791016	25.22625160217285	23.01371192932129
-39.17036819458008	-38.149192810058594	20.669504165649414
2.0908944606781006	0.6832358241081238	3.6778523921966553
37.2421989440918	40.005027770996094	39.73401641845703
35.46864700317383	-22.501157760620117	34.413631439208984
20.128936767578125	23.734752655029297	27.495515823364258
10.71869945526123	-42.31678771972656	-46.47506332397461
34.02894592285156	49.562191009521484	27.958410263061523
17.707672119140625	29.67412757873535	15.3097562789917
36.75714874267578	-7.757693767547607	29.55320167541504
23.99936294555664	36.81098175048828	23.0676326751709
-16.755149841308594	6.188851356506348	24.010417938232422
17.01010513305664	14.226094245910645	11.41983699798584
14.879791259765625	27.798768997192383	-36.55027770996094
28.41197967529297	23.148178100585938	-18.153854370117188
-40.99578094482422	-34.74165344238281	26.079004287719727
-21.774520874023438	11.758923530578613	32.68936538696289
1.5601136684417725	1.5601136684417725	6.748751640319824
19.3146915435791	-16.59428596496582	31.36048126220703
8.573384284973145	-7.41793155670166	24.126134872436523
-33.89773941040039	34.94966506958008	26.21920394897461
-28.14276885986328	29.510156631469727	9.658191680908203
-16.572561264038086	23.274534225463867	16.129423141479492
-42.370697021484375	9.19765567779541	-30.603408813476562
2.701575517654419	36.26072311401367	18.75285530090332
6.256969451904297	16.5164852142334	33.684547424316406
38.51404571533203	-40.014404296875	28.00486946105957
37.465274810791016	14.67561149597168	-31.15806770324707
28.562856674194336	42.63966369628906	21.87749481201172
20.809663772583008	-36.96258544921875	16.474584579467773
8.83608627319336	9.256267547607422	-14.45088005065918
-21.19261932373047	40.96943664550781	41.380706787109375
-29.478960037231445	11.825175285339355	7.525661945343018
-42.72055435180664	24.127695083618164	31.693111419677734
22.10763168334961	-12.599392890930176	14.051002502441406
30.47382164001465	29.811370849609375	36.6473274230957
20.432430267333984	3.3256747722625732	9.625153541564941
-25.727725982666016	-10.163074493408203	-35.22402572631836
-13.48019027709961	-27.38846778869629	25.982532501220703
31.7476749420166	13.480951309204102	-38.36796569824219
20.466638565063477	26.725313186645508	-27.4973201751709
-17.65218734741211	-33.28020477294922	-13.31285285949707
-11.589775085449219	-16.341197967529297	-11.24038314819336
13.236689567565918	19.298002243041992	12.59615707397461
10.374775886535645	32.77629470825195	-22.43134880065918
-38.39755630493164	8.851893424987793	-26.6903133392334
15.103426933288574	24.179485321044922	-14.84558391571045
-18.281246185302734	-21.035552978515625	19.958335876464844
-25.397537231445312	-12.300519943237305	28.388057708740234
23.91116714477539	-24.81637954711914	-17.509096145629883
2.566753387451172	29.793010711669922	-6.667705059051514
-3.055433750152588	25.60663604736328	-9.053857803344727
22.440446853637695	37.21467971801758	24.990758895874023
-31.932756423950195	-15.179008483886719	-1.0273970365524292
19.9545841217041	-15.672867774963379	-36.377296447753906
3.973924398422241	28.884723663330078	28.71024513244629
-23.31083106994629	38.23744583129883	13.191995620727539
2.2663445472717285	-31.74527931213379	14.590384483337402
-2.6940810680389404	15.01138687133789	31.54150390625
-29.434833526611328	-5.825286865234375	-23.75078773498535
-5.050352096557617	6.734350204467773	7.447134017944336
19.610937118530273	18.0715274810791	-11.852739334106445
-21.646997451782227	-14.961217880249023	1.5966532230377197
26.895524978637695	25.818735122680664	-13.721444129943848
18.782045364379883	-37.82363510131836	-17.036495208740234
-10.558475494384766	15.192532539367676	-3.342388391494751
35.229576110839844	15.050322532653809	4.795388698577881
-4.657811641693115	-21.929468154907227	22.27903938293457
39.566524505615234	-28.16704559326172	36.79363250732422
-36.98067092895508	-20.01717758178711	24.863853454589844
13.783027648925781	16.482990264892578	-9.568840980529785
-32.73671340942383	7.690295219421387	32.937477111816406
20.961708068847656	-12.537151336669922	32.475643157958984
-35.76757049560547	-36.1081428527832	9.586939811706543
-0.4692862927913666	33.32558822631836	28.89004135131836
16.56656265258789	36.709774017333984	-7.23797607421875
-5.623584270477295	18.214038848876953	-5.920130252838135
7.619621753692627	-39.003021240234375	24.350297927856445
1.9468399286270142	-31.985170364379883	21.762676239013672
-6.7629499435424805	-22.83365249633789	14.520923614501953
21.688701629638672	23.29984474182129	-10.803082466125488
10.824628829956055	-36.64662170410156	16.367795944213867
-5.714227676391602	-3.5019826889038086	-18.958053588867188
-2.7556955814361572	36.40571212768555	-4.876252174377441
-7.931609153747559	-27.51955795288086	34.69361877441406
-27.06557846069336	-2.346686363220215	-26.11349105834961
-33.835689544677734	-7.340845584869385	-17.839513778686523
-35.16897201538086	11.786725997924805	9.064813613891602
-37.237056732177734	-34.4327507019043	0.4064863920211792
15.763256072998047	7.570340156555176	18.015836715698242
39.72530746459961	28.96294403076172	11.361371040344238
-11.833585739135742	8.093491554260254	-26.560890197753906
39.29694366455078	-10.295917510986328	-2.7701735496520996
-8.819384574890137	-33.858219146728516	-15.900681495666504
36.11297607421875	-20.376461029052734	-6.169386863708496
23.15574836730957	-37.0689811706543	-19.7442569732666
-7.676156997680664	-14.84519100189209	20.223344802856445
-6.6461262702941895	35.689388275146484	-18.21113395690918
16.961702346801758	8.292022705078125	2.8452537059783936
-0.5125643610954285	-34.237579345703125	-37.612083435058594
-25.104246139526367	38.265869140625	-26.989744186401367
2.852738857269287	-1.8359408378601074	-13.185798645019531
-0.9511258602142334	10.37677001953125	13.53519344329834
39.70664596557617	-0.7936419248580933	-1.2339017391204834
14.066731452941895	-38.80973815917969	-32.12743377685547
-35.709449768066406	9.320981979370117	24.492124557495117
-21.364973068237305	26.6313533782959	1.6602011919021606
-19.349498748779297	8.130209922790527	23.83962059020996
14.688531875610352	-23.175151824951172	14.599231719970703
33.885711669921875	12.594491958618164	25.94472885131836
-8.088080406188965	33.50642776489258	-20.080533981323242
-11.045923233032227	-20.537206649780273	12.372570037841797
-3.7024173736572266	16.15741729736328	35.926517486572266
-9.41926383972168	18.88617706298828	13.929373741149902
32.89829635620117	-38.209075927734375	-37.652591705322266
15.696319580078125	34.75304412841797	-19.941274642944336
24.307226181030273	36.31409454345703	-15.621708869934082
-10.069559097290039	12.318452835083008	-15.950400352478027
17.31786346435547	30.963685989379883	18.697572708129883
0.04467064514756203	-32.75238800048828	-28.813858032226562
-25.09273338317871	-28.650163650512695	10.016589164733887
-7.719750881195068	-14.78935718536377	-1.8977887630462646
33.563724517822266	39.337345123291016	36.76302719116211
-24.280941009521484	-14.11518383026123	-13.740151405334473
35.79328155517578	35.21890640258789	-15.797625541687012
-3.5923542976379395	35.7728271484375	-6.36348295211792
-23.555221557617188	-27.993356704711914	-30.582426071166992
5.5767011642456055	13.939672470092773	26.027605056762695
-12.62244701385498	36.99879837036133	10.382342338562012
-22.869531631469727	-15.760334968566895	26.65975570678711
28.765901565551758	-34.3101921081543	-16.08588218688965
-32.20393371582031	-13.916600227355957	-2.494821071624756
-10.326913833618164	-5.559429168701172	-19.52727508544922
11.576330184936523	22.73351287841797	8.701238632202148
12.272500038146973	5.816677093505859	-20.168642044067383
26.52958106994629	-31.86532211303711	-19.637853622436523
16.4587459564209	28.60673713684082	13.963618278503418
31.04218292236328	24.662748336791992	9.749988555908203
32.5834846496582	24.73818588256836	-12.05349349975586
-12.614712715148926	-35.7130012512207	-16.336755752563477
0.11065341532230377	-2.618412971496582	29.0677490234375
1.4269535541534424	-30.77750587463379	3.1561930179595947
28.421079635620117	-18.82251739501953	29.208208084106445
-21.66759490966797	-2.328206777572632	28.211490631103516
22.516386032104492	34.491973876953125	10.136069297790527
-25.66868782043457	-15.679258346557617	24.595706939697266
-23.370820999145508	-20.461034774780273	-13.746633529663086
15.2827730178833	29.925500869750977	-5.264338493347168
-34.901702880859375	-29.224504470825195	-4.889136791229248
-21.654064178466797	-3.149549722671509	-38.72334289550781
12.480597496032715	-17.819496154785156	20.668214797973633
24.431276321411133	-16.57744598388672	-27.09332847595215
-33.12619400024414	13.584003448486328	29.77735710144043
14.871269226074219	26.118791580200195	25.62679100036621
-5.265800952911377	38.945133209228516	-21.52164649963379
-4.436009407043457	2.0100364685058594	9.134961128234863
19.537445068359375	1.2657114267349243	37.83769226074219
-27.392108917236328	29.427371978759766	-34.70928955078125
-5.596923351287842	-5.461375713348389	-22.566713333129883
12.383384704589844	-32.67963790893555	31.499866485595703
38.10374069213867	-17.105878829956055	-4.4108781814575195
-4.216938018798828	13.162062644958496	-26.018238067626953
2.467216730117798	5.814094543457031	-27.802288055419922
39.17729568481445	10.275104522705078	-33.17477798461914
-15.77605152130127	-27.345338821411133	-1.2482913732528687
-32.094940185546875	33.94371795654297	23.16397476196289
24.748638153076172	35.7330207824707	-26.677539825439453
-11.860177040100098	22.662330627441406	27.171817779541016
15.873391151428223	1.8303775787353516	-8.71883487701416
22.450227737426758	-6.199503421783447	-32.56524658203125
29.78132438659668	23.647457122802734	11.535572052001953
-24.877614974975586	10.050822257995605	-2.6910226345062256
3.6914901733398438	-2.1362674236297607	22.975788116455078
-2.4409544467926025	-35.38384246826172	-39.30195236206055
28.568340301513672	-5.280858516693115	-34.0158576965332
9.777181625366211	-15.757976531982422	-8.88649845123291
21.126930236816406	21.570823669433594	20.811450958251953
32.70637893676758	-5.7649126052856445	-26.20354652404785
1.9716302156448364	21.767112731933594	18.737293243408203
39.940372467041016	26.38219451904297	-28.469589233398438
-24.310760498046875	6.7901930809021	-2.2934467792510986
-27.49197006225586	26.690874099731445	0.6709386110305786
-22.254608154296875	-32.64125442504883	-4.016057014465332
14.557148933410645	-16.477468490600586	-3.558237314224243
10.58922004699707	1.1728413105010986	-29.753398895263672
36.31311798095703	17.85675621032715	-11.060113906860352
-26.0194091796875	12.390088081359863	14.25064754486084
11.164520263671875	-15.629019737243652	-0.974327802658081
-13.660273551940918	16.875463485717773	22.151660919189453
-9.020431518554688	-17.942968368530273	-1.2128796577453613
-2.1164345741271973	39.702537536621094	2.7725045680999756
-35.09539794921875	20.417821884155273	-37.170204162597656
-21.64031219482422	31.126270294189453	-28.39145278930664
1.5865310430526733	-34.96572494506836	-11.648938179016113
-9.21447467803955	12.650812149047852	-23.007858276367188
2.032011032104492	35.415565490722656	-20.258115768432617
17.126983642578125	-1.3974919319152832	-19.205873489379883
37.5572395324707	-37.476566314697266	-32.20800018310547
8.473200798034668	23.2198486328125	20.2796573638916
-8.879063606262207	27.441404342651367	-30.209609985351562
-30.85048484802246	-15.1887845993042	36.298057556152344
34.75371170043945	9.927750587463379	8.616698265075684
6.77674674987793	-19.434301376342773	-19.22618865966797
17.421995162963867	4.937319278717041	-8.922167778015137
-35.96376419067383	-9.63387680053711	-10.153200149536133
-27.08555793762207	-17.5760440826416	12.732769012451172
7.722866058349609	-35.5256462097168	-24.692005157470703
-33.92025375366211	37.85811233520508	20.244462966918945
-16.03010368347168	34.485958099365234	20.266271591186523
32.12815475463867	13.572278022766113	7.44155216217041
9.452381134033203	-36.213321685791016	12.052203178405762
22.16099739074707	-10.811664581298828	-25.14754867553711
12.097721099853516	37.82211685180664	3.862855911254883
-26.60158348083496	10.130985260009766	-31.923206329345703
-25.622068405151367	6.148645401000977	3.8838305473327637
10.929335594177246	-42.823036193847656	3.909959316253662
-12.568418502807617	-14.158385276794434	31.346567153930664
33.090087890625	-2.8105950355529785	-24.534351348876953
-32.029720306396484	28.958511352539062	-48.8183708190918
-35.89999008178711	-30.317480087280273	-39.762516021728516
2.816012144088745	34.931549072265625	-3.7118031978607178
30.316728591918945	5.172133445739746	20.557239532470703
-30.294063568115234	16.620325088500977	36.010345458984375
21.06741714477539	-27.500415802001953	1.337708830833435
34.07017135620117	-36.90764236450195	-33.240962982177734
8.901439666748047	39.24238586425781	-30.92344093322754
29.058069229125977	2.6649670600891113	-41.197811126708984
-4.797740936279297	-9.181257247924805	-25.14754867553711
-37.806732177734375	-36.6957893371582	2.985502004623413
-27.47638702392578	-22.410762786865234	5.460596084594727
-33.77062225341797	-39.03901672363281	37.234127044677734
12.987713813781738	-31.271474838256836	41.679710388183594
14.630324363708496	-33.48720932006836	-3.40498948097229
-4.702326774597168	-10.29776382446289	2.8552613258361816
-39.16761016845703	-4.8254475593566895	13.74075698852539
33.57634353637695	-25.728586196899414	-34.22396469116211
16.951879501342773	32.60359573364258	40.8945198059082
13.73633098602295	-17.374950408935547	-28.58380126953125
-4.636955738067627	-39.03871536254883	-47.71598434448242
22.748096466064453	33.21876525878906	-31.295001983642578
-9.945690155029297	-27.666475296020508	-35.88993835449219
-2.902695655822754	33.09150314331055	31.442758560180664
34.92752456665039	26.580669403076172	-23.451446533203125
-32.11642837524414	-13.255102157592773	-33.6241340637207
-24.759540557861328	31.490970611572266	30.09600830078125
-30.56601905822754	30.437885284423828	5.400459289550781
-31.836801528930664	36.99654769897461	-29.057466506958008
-5.548641204833984	-32.63261032104492	16.620325088500977
26.363107681274414	-9.96304988861084	-26.459566116333008
23.57080078125	-45.55263137817383	-30.07056999206543
19.368274688720703	36.7728271484375	30.482023239135742
35.170494079589844	-14.750575065612793	-36.170169830322266
-5.683370113372803	-5.302489757537842	31.131662368774414
-3.591813802719116	-29.057466506958008	4.772274971008301
-22.682632446289062	25.12776756286621	-8.923565864562988
-40.33521270751953	5.033952236175537	35.170494079589844
13.794854164123535	-25.35419464111328	-20.57758331298828
-34.770843505859375	-34.13943099975586	-27.185964584350586
-7.059029579162598	27.042633056640625	-34.2888298034668
-25.87122917175293	-0.49435335397720337	-38.79134750366211
-41.85184097290039	1.9108554124832153	-44.11125564575195
-1.420816421508789	-12.720850944519043	28.43852996826172
-30.371707916259766	18.954177856445312	-21.35465431213379
36.00482177734375	2.355569362640381	33.29189682006836
-20.881317138671875	-7.359035015106201	31.114646911621094
29.65436553955078	-10.593704223632812	2.355569362640381
36.7728271484375	-9.96304988861084	-45.54169845581055
-27.22852897644043	-27.646221160888672	-28.111955642700195
33.43748474121094	31.14959144592285	30.14665412902832
-34.0716438293457	13.032578468322754	2.5448691844940186
-33.919090270996094	16.95293426513672	-43.49506759643555
-8.174778938293457	-37.97834014892578	32.73372268676758
-7.482489109039307	-24.104524612426758	25.227901458740234
23.055389404296875	-27.701196670532227	42.572914123535156
-45.68291091918945	-48.62211990356445	39.46792984008789
-22.21782875061035	2.6067755222320557	22.45985221862793
-33.2401237487793	-27.701196670532227	-23.54735565185547
37.97148513793945	-34.22396469116211	35.170494079589844
33.22786331176758	-27.01873016357422	19.054214477539062
5.94054651260376	10.549981117248535	12.680331230163574
28.091995239257812	-1.4252424240112305	-35.8042106628418
-17.822423934936523	-31.04407501220703	35.43698501586914
-31.515392303466797	-25.362098693847656	-15.10084342956543
30.39516830444336	-25.362098693847656	3.5918924808502197
25.25288963317871	-39.96800231933594	8.481741905212402
-14.377909660339355	24.551063537597656	4.911322116851807
27.03958511352539	26.039371490478516	-44.75778579711914
32.60895538330078	2.9162633419036865	9.615036964416504
38.945533752441406	35.14513397216797	30.09600830078125
6.674635410308838	14.024393081665039	-38.25370788574219
0.30148574709892273	28.58639907836914	-22.637147903442383
-46.58307647705078	35.050872802734375	-13.185473442077637
5.399781703948975	32.915916442871094	32.30396270751953
8.974692344665527	37.553340911865234	39.80974197387695
36.59703826904297	-35.157798767089844	-39.705047607421875
-14.708277702331543	30.326297760009766	33.352603912353516
-5.655573844909668	-30.344032287597656	-20.047842025756836
33.75722122192383	-12.808238983154297	-12.568418502807617
30.349916458129883	10.431526184082031	-9.96304988861084
-32.227752685546875	-35.24351119995117	-37.76043701171875
23.767498016357422	37.64860534667969	9.16463851928711
21.167705535888672	-32.854949951171875	-19.53670883178711
-25.01546859741211	40.194557189941406	23.132368087768555
25.00678253173828	-34.46745681762695	-33.6241340637207
35.683658599853516	-20.047842025756836	-40.584075927734375
-33.160667419433594	20.8735408782959	-9.439809799194336
-30.081417083740234	36.94656753540039	-45.68291091918945
-32.72159194946289	-25.8673038482666	-33.51107406616211
-3.4151053428649902	19.223751068115234	-9.945690155029297
30.88980484008789	-18.767818450927734	21.158218383789062
-34.920928955078125	-18.277206420898438	-32.272186279296875
-31.836801528930664	35.050872802734375	-27.933652877807617
-7.518815517425537	-25.376569747924805	-22.410762786865234
-37.35697555541992	-0.14539051055908203	-15.4908447265625
-30.674013137817383	-14.708277702331543	0.8566716313362122
-19.878747940063477	28.259273529052734	7.252573490142822
8.70589828491211	-33.63346862792969	-30.344032287597656
27.486026763916016	-39.03871536254883	25.514728546142578
27.03958511352539	31.020305633544922	-2.978935956954956
36.99654769897461	-7.976668834686279	34.062496185302734
-38.25370788574219	7.020049571990967	-29.28704833984375
-31.90826988220215	-7.576634883880615	-29.85523223876953
37.19321060180664	-42.1710319519043	-29.789676666259766
8.19968032836914	-14.524774551391602	-19.584348678588867
13.74075698852539	-35.59564208984375	21.96222686767578
8.19968032836914	-0.7731001973152161	-25.710081100463867
31.263134002685547	-22.809415817260742	-49.6921272277832
36.225521087646484	5.583020210266113	40.8945198059082
-44.568397521972656	-9.92240047454834	2.4114272594451904
-44.88545608520508	-36.19424819946289	7.2410430908203125
37.816200256347656	-18.277206420898438	35.298404693603516
37.553340911865234	30.12754249572754	31.27887535095215
20.120567321777344	27.03958511352539	-7.004485607147217
6.816403865814209	-33.940155029296875	-14.656905174255371
-35.69953536987305	-23.519336700439453	-13.502403259277344
31.856298446655273	22.971982955932617	0.021837126463651657
41.179134368896484	-1.6512467861175537	-28.784700393676758
-27.86690330505371	7.020049571990967	-18.84095573425293
37.37480163574219	-5.548641204833984	-40.54837417602539
-35.352760314941406	-12.267029762268066	-26.947683334350586
-18.374650955200195	0.9392001032829285	9.216741561889648
-16.180984497070312	29.02691650390625	-31.398128509521484
-33.91023254394531	24.43842887878418	17.00156021118164
36.19203186035156	2.5059244632720947	-34.63262176513672
-28.993349075317383	38.40157699584961	25.08466148376465
36.932342529296875	25.08466148376465	-9.276420593261719
-35.381317138671875	-2.8975565433502197	2.6649670600891113
11.519644737243652	-10.321268081665039	16.86202049255371
22.681108474731445	-30.906564712524414	-27.689300537109375
-38.3682975769043	-25.502235412597656	-33.91023254394531
0.7351266741752625	30.096355438232422	-34.569664001464844
-30.906564712524414	-5.955359935760498	-44.95683288574219
-23.956756591796875	2.5847373008728027	9.104108810424805
28.084260940551758	-37.860782623291016	-26.035709381103516
-9.391918182373047	-32.33291244506836	10.89649772644043
30.11453628540039	35.048824310302734	-27.989803314208984
-3.9970128536224365	25.651208877563477	31.10718536376953
-14.931084632873535	28.02881622314453	-28.32008171081543
23.362197875976562	6.854918479919434	16.272003173828125
-22.364463806152344	-0.8908472657203674	-11.444212913513184
-40.93238067626953	-25.01546859741211	-18.767818450927734
-39.01884078979492	22.65719223022461	-16.423297882080078
-24.534351348876953	19.91168975830078	32.45123291015625
-34.14442825317383	-14.439208984375	28.51793098449707
2.985502004623413	18.6441707611084	-11.98390007019043
25.227901458740234	4.300086975097656	30.599193572998047
10.47935676574707	-34.322811126708984	6.735024929046631
26.967790603637695	-32.622520446777344	24.82470703125
37.53105163574219	-32.49598693847656	6.999820709228516
31.490970611572266	-42.1710319519043	-26.1600399017334
-29.766433715820312	-7.359035015106201	41.276187896728516
-30.6444091796875	-31.153413772583008	-31.9742374420166
-1.3943958282470703	-9.96304988861084	32.60895538330078
-23.361408233642578	32.39077377319336	-20.123172760009766
-7.724466323852539	14.630324363708496	30.39516830444336
-17.420848846435547	12.042569160461426	-2.902695655822754
8.9271821975708	29.670446395874023	-38.88315963745117
-38.75479507446289	36.14004135131836	-26.201662063598633
-5.929915428161621	-1.9350554943084717	-30.743450164794922
-27.457778930664062	7.621861457824707	-18.964630126953125
21.23785972595215	2.6172547340393066	36.319854736328125
-23.610824584960938	30.45256805419922	-24.069774627685547
22.956117630004883	38.35475540161133	-31.904895782470703
-1.9231035709381104	3.2014095783233643	-34.83127212524414
15.8992280960083	15.067129135131836	-36.83662414550781
-31.80890655517578	-8.091668128967285	-0.47936344146728516
-13.734907150268555	-29.805282592773438	-0.8500495553016663
38.59635925292969	-0.18369071185588837	24.968114852905273
-0.6073315739631653	-33.985389709472656	28.159990310668945
19.6612606048584	24.470327377319336	-6.108135223388672
-27.246198654174805	28.77715301513672	-21.796749114990234
24.750986099243164	30.071983337402344	-28.990785598754883
30.958635330200195	9.55659008026123	24.904184341430664
10.091939926147461	4.062425136566162	-34.29762268066406
38.31016159057617	12.37358283996582	-12.277250289916992
6.745221138000488	6.834500312805176	10.929762840270996
18.483285903930664	37.27402877807617	28.65936851501465
9.167868614196777	-11.674925804138184	26.232707977294922
19.803142547607422	-23.214473724365234	26.249496459960938
1.770896315574646	-5.408676624298096	38.93881607055664
-21.469196319580078	5.357614040374756	34.355316162109375
-3.388598680496216	13.439057350158691	20.808061599731445
35.9554328918457	2.8428242206573486	-28.511337280273438
31.78867530822754	-11.074751853942871	-23.306440353393555
-10.7008695602417	-30.56859588623047	34.32835388183594
-6.153913497924805	-33.84716796875	24.72638511657715
-35.470706939697266	36.14140319824219	10.693910598754883
-7.041259765625	-15.507877349853516	2.732668161392212
-17.92034339904785	14.977462768554688	-36.2309684753418
-26.18660545349121	-20.957517623901367	-31.651390075683594
-19.01862335205078	-8.934280395507812	33.20317459106445
12.219317436218262	-21.181594848632812	-15.395683288574219
0.7922497391700745	-39.96470642089844	35.436161041259766
26.480628967285156	12.166839599609375	33.85190963745117
-39.552207946777344	-28.000606536865234	-15.814988136291504
5.063827037811279	23.784868240356445	39.27330017089844
4.323526382446289	-23.675086975097656	6.96091365814209
20.888254165649414	39.275550842285156	-33.262535095214844
1.47368586063385	-35.99445343017578	-32.792945861816406
-1.9280381202697754	1.440261960029602	0.051381614059209824
-30.842981338500977	-24.11851692199707	-23.894916534423828
38.74138259887695	17.143356323242188	23.482070922851562
-37.5279426574707	-13.081428527832031	-31.598779678344727
37.686363220214844	-8.57254409790039	34.040679931640625
36.39142608642578	29.807758331298828	-2.0947012901306152
-23.314453125	-4.910375118255615	7.020166397094727
-22.259822845458984	-11.043895721435547	-34.60637664794922
-24.68316078186035	-29.070301055908203	29.963430404663086
-39.417274475097656	-3.186426877975464	19.275053024291992
8.29786491394043	20.604328155517578	-1.5934842824935913
-1.011358618736267	-38.2375373840332	-32.822261810302734
-24.04996109008789	1.669382095336914	35.73529052734375
-19.949886322021484	25.842716217041016	-19.311758041381836
3.432387590408325	6.72435998916626	32.069095611572266
-14.00173568725586	12.328962326049805	-15.139005661010742
-35.488128662109375	-21.762615203857422	-21.634775161743164
28.883312225341797	30.72886848449707	-13.819218635559082
35.774662017822266	17.0743465423584	-37.69739532470703
33.62367248535156	19.950843811035156	23.82730484008789
-24.405860900878906	-29.547813415527344	-13.718273162841797
-37.71349334716797	38.14876174926758	29.74853515625
38.006412506103516	39.579097747802734	0.0730210542678833
29.991897583007812	11.622930526733398	-27.34239387512207
32.09535217285156	-30.96219253540039	-18.88636589050293
-22.76532554626465	-33.81635665893555	-37.60382080078125
-5.558701992034912	11.987420082092285	-21.18416404724121
-36.85513687133789	-24.14217758178711	-35.7975959777832
5.468421459197998	24.814815521240234	-30.710514068603516
-8.002613067626953	11.103958129882812	-22.365440368652344
39.53178787231445	35.89876937866211	-13.16248607635498
15.242202758789062	17.772897720336914	0.5349429845809937
-11.19747257232666	-5.188824653625488	9.648308753967285
-31.335973739624023	27.533321380615234	11.42951774597168
-28.979745864868164	29.86887550354004	10.908163070678711
32.05388641357422	-3.1867876052856445	-3.3202109336853027
6.16237211227417	33.94966506958008	4.2411956787109375
14.924853324890137	32.49140167236328	4.555756568908691
39.23618698120117	-19.902912139892578	-5.423890590667725
12.64240837097168	-19.768402099609375	0.17431598901748657
11.834824562072754	27.210025787353516	-3.7783734798431396
-28.365537643432617	0.972636342048645	8.51469612121582
-23.86041259765625	21.0755615234375	-30.319902420043945
-14.352104187011719	15.774723052978516	18.888164520263672
-35.45362854003906	-0.31173083186149597	35.81099319458008
-13.531171798706055	21.91463851928711	-5.711841106414795
-29.196428298950195	6.629538536071777	19.885360717773438
21.816761016845703	-37.63215637207031	-37.28391647338867
-22.084592819213867	-10.112600326538086	-1.3468282222747803
37.38509750366211	29.748098373413086	9.243864059448242
0.9371187090873718	10.13158893585205	17.149747848510742
-38.26762390136719	33.14539337158203	-29.688749313354492
4.614318370819092	-5.608422756195068	-27.577638626098633
-11.635848045349121	9.03433895111084	34.88301086425781
-8.851595878601074	21.470932006835938	23.527156829833984
-25.33432388305664	-36.59273147583008	0.7616832256317139
-26.896312713623047	-23.351823806762695	19.267467498779297
-35.384063720703125	-36.81874465942383	4.055622577667236
-6.732781410217285	-7.315272331237793	32.58294677734375
19.166906356811523	4.593292713165283	22.315555572509766
-6.928422927856445	21.780702590942383	36.963401794433594
-3.8731822967529297	10.54056453704834	0.21704980731010437
-36.02577209472656	35.304203033447266	14.360041618347168
3.6375932693481445	-31.338829040527344	-13.994616508483887
-21.107643127441406	-37.75476837158203	-21.20118522644043
-1.9215775728225708	-9.982181549072266	26.98505401611328
-39.48651885986328	15.905698776245117	29.0216064453125
-2.381620168685913	25.486228942871094	-24.035289764404297
11.546476364135742	-35.44843673706055	21.928062438964844
-8.25001049041748	-18.048664093017578	-38.556724548339844
8.557311058044434	-14.483238220214844	-22.313007354736328
9.352887153625488	10.070757865905762	29.017242431640625
25.10468292236328	3.162724018096924	16.007863998413086
36.531219482421875	1.0153592824935913	15.587377548217773
15.052313804626465	32.39724349975586	29.183958053588867
-6.552119255065918	5.687812805175781	-34.94998550415039
-0.4283560812473297	-7.061291217803955	-28.383756637573242
8.480319023132324	-7.515024662017822	-13.390336990356445
31.95966911315918	3.8666820526123047	-7.217240810394287
-22.309091567993164	27.907609939575195	-39.113399505615234
-1.5340392589569092	-17.472707748413086	21.86697006225586
21.23594856262207	28.711708068847656	17.5289249420166
-20.13262367248535	8.838712692260742	22.14490509033203
22.668149948120117	-6.0697221755981445	-31.499469757080078
7.273465156555176	1.8809115886688232	-28.068689346313477
16.429828643798828	-11.647730827331543	-8.617105484008789
-4.962939739227295	-26.132699966430664	6.4915971755981445
35.59836196899414	-33.6983757019043	-17.249643325805664
25.39575958251953	29.36203384399414	-24.208681106567383
5.380430698394775	-21.24384117126465	-27.343355178833008
-12.167826652526855	-28.43752670288086	34.690086364746094
39.16256332397461	-39.9052734375	12.481123924255371
27.14784049987793	7.981983661651611	-37.431663513183594
-12.142477035522461	-6.834002494812012	18.508337020874023
1.4298381805419922	-11.15779972076416	-22.39966583251953
-32.31322479248047	10.46938705444336	-8.013855934143066
-17.059785842895508	15.93052864074707	37.261287689208984
2.5427517890930176	5.50022029876709	-30.41292381286621
0.9205047488212585	-16.591360092163086	-32.92033767700195
-26.312047958374023	-5.484099864959717	39.90163040161133
8.80180835723877	37.69458770751953	-24.528104782104492
24.80595588684082	21.79789161682129	-26.429758071899414
26.550107955932617	-3.637406587600708	-7.632232189178467
-2.826784372329712	-38.93052291870117	3.6496028900146484
25.639633178710938	21.81717300415039	-1.1201342344284058
28.953020095825195	-14.33689022064209	-5.504865646362305
-7.196065425872803	4.169289588928223	-5.993570804595947
-7.606840133666992	37.72599792480469	4.615481853485107
19.043312072753906	-10.047364234924316	-16.40204429626465
3.7650575637817383	-35.3405647277832	-14.736114501953125
14.454922676086426	2.269099712371826	-5.0758185386657715
25.4412784576416	16.864551544189453	-29.966110229492188
-30.45272445678711	-15.69672966003418	0.4093860387802124
22.46916389465332	-0.4032687544822693	31.69866180419922
-17.134126663208008	7.608315944671631	19.39426612854004
-39.791175842285156	15.84475326538086	33.33566665649414
16.69521141052246	-12.924946784973145	-28.73824691772461
23.727113723754883	7.236907958984375	18.616159439086914
-0.7717567086219788	11.642887115478516	37.565731048583984
38.09663772583008	-22.740297317504883	-34.948238372802734
-7.420392036437988	9.729239463806152	-37.53483581542969
28.711227416992188	-20.56102752685547	-21.557052612304688
-26.598983764648438	-9.3048095703125	23.4136962890625
7.408791542053223	-16.53496742248535	30.622783660888672
6.879688262939453	-11.231672286987305	-34.69415283203125
15.819225311279297	-19.425418853759766	22.117122650146484
22.220962524414062	27.629528045654297	2.415510654449463
-29.296634674072266	-4.510375022888184	-26.072608947753906
-36.861106872558594	-27.56464195251465	37.47121810913086
13.601009368896484	37.19965744018555	1.8777104616165161
-27.881437301635742	-0.7677342891693115	7.600324630737305
-21.724655151367188	-3.7928073406219482	-27.7987117767334
34.38383483886719	-16.140735626220703	46.44582748413086
33.72430419921875	20.435686111450195	14.87813663482666
21.543590545654297	31.75193214416504	20.40842056274414
16.039457321166992	29.630584716796875	18.147174835205078
32.37178039550781	44.510982513427734	17.294435501098633
32.02717208862305	39.37038803100586	35.40243148803711
32.25651550292969	19.849313735961914	17.07823371887207
15.453104972839355	13.195378303527832	19.057022094726562
46.3011474609375	21.676633834838867	26.105791091918945
19.052724838256836	36.40482711791992	27.04489517211914
31.7148380279541	20.763004302978516	26.239891052246094
16.271631240844727	13.680866241455078	11.976263999938965
14.135826110839844	16.545040130615234	33.67637634277344
24.278085708618164	40.06471633911133	30.599950790405273
7.2446184158325195	24.676166534423828	38.49644088745117
49.95290756225586	24.12452507019043	36.84739685058594
37.12324142456055	31.517915725708008	26.099491119384766
7.910640239715576	29.002429962158203	16.345914840698242
29.87428855895996	23.3736515045166	11.596895217895508
28.058977127075195	35.40243148803711	35.74243927001953
37.12263870239258	44.5851936340332	6.457531452178955
32.693607330322266	34.14143753051758	6.6973090171813965
29.87908935546875	31.256511688232422	28.905540466308594
8.604652404785156	20.493494033813477	17.91874122619629
20.433103561401367	13.141955375671387	19.382213592529297
26.789350509643555	29.268123626708984	32.44307327270508
11.699209213256836	30.814119338989258	22.518749237060547
40.80781555175781	34.093013763427734	17.18160629272461
37.93684768676758	22.4398136138916	9.382561683654785
21.376249313354492	17.537622451782227	12.218992233276367
2.868647575378418	21.273569107055664	21.16266632080078
23.44217300415039	21.554391860961914	26.425193786621094
38.56367492675781	7.975683689117432	36.088890075683594
19.871057510375977	38.55488204956055	6.922321319580078
29.26443862915039	42.5594482421875	22.91077995300293
21.225200653076172	32.698081970214844	15.851325035095215
39.15018844604492	17.05133628845215	29.87908935546875
34.3504753112793	24.12452507019043	27.087915420532227
23.278270721435547	29.333938598632812	6.922321319580078
29.304096221923828	21.75094985961914	15.246882438659668
11.548577308654785	17.69750213623047	36.99123764038086
11.729955673217773	9.630594253540039	24.571125030517578
29.172914505004883	15.428545951843262	23.879594802856445
20.981189727783203	21.920238494873047	45.11924362182617
16.77606773376465	7.933130264282227	35.25889205932617
13.040678977966309	39.789878845214844	24.354795455932617
3.784384250640869	35.14966583251953	14.354413032531738
14.041150093078613	19.404802322387695	21.376249313354492
29.292518615722656	32.4886589050293	6.296688556671143
29.880830764770508	32.7880744934082	30.147066116333008
18.226396560668945	16.02466583251953	32.0263557434082
11.349225997924805	34.967220306396484	12.93835163116455
28.137012481689453	42.80299758911133	30.704627990722656
29.304096221923828	37.60768127441406	4.3783745765686035
10.066624641418457	37.148658752441406	7.933130264282227
26.825117111206055	27.012102127075195	15.276851654052734
14.691819190979004	32.80881118774414	15.391433715820312
5.180400848388672	27.3311767578125	27.24366569519043
29.444700241088867	10.334576606750488	25.842477798461914
16.735010147094727	44.110233306884766	26.053956985473633
14.784477233886719	11.138864517211914	38.91541290283203
48.92413330078125	15.615087509155273	34.3193359375
19.337650299072266	24.13713836669922	38.121124267578125
10.066624641418457	34.14143753051758	19.338790893554688
38.283382415771484	11.349225997924805	43.98789978027344
18.00887680053711	40.178306579589844	28.689603805541992
28.16170310974121	37.1349983215332	23.3736515045166
15.200393676757812	17.900875091552734	16.507102966308594
13.367935180664062	33.43985366821289	21.22002601623535
23.63741683959961	19.625041961669922	21.32362937927246
24.853559494018555	31.24721908569336	38.44874954223633
37.742855072021484	33.06132125854492	36.281925201416016
30.236568450927734	39.37449645996094	27.270170211791992
29.630584716796875	26.526010513305664	35.64784240722656
29.12940788269043	30.42417335510254	34.52533721923828
35.40192794799805	8.205645561218262	31.359094619750977
20.998916625976562	19.074037551879883	39.43134689331055
-0.6336193084716797	22.257877349853516	32.71677017211914
22.8030948638916	22.182601928710938	23.967851638793945
23.767431259155273	24.269861221313477	31.75193214416504
35.5446662902832	17.057703018188477	8.48988151550293
29.657081604003906	7.635197639465332	22.06715965270996
32.88700485229492	36.36154556274414	29.268123626708984
14.871635437011719	37.43594741821289	11.729955673217773
40.65025329589844	30.485393524169922	21.408782958984375
31.382953643798828	38.77921676635742	13.862754821777344
32.88878631591797	15.615087509155273	32.1717643737793
24.532445907592773	18.682968139648438	14.041150093078613
7.933130264282227	4.147637367248535	30.147066116333008
22.598630905151367	21.16266632080078	19.77520751953125
32.00822448730469	36.96076965332031	31.504196166992188
42.09186935424805	22.291139602661133	28.76751136779785
34.4781494140625	16.10110855102539	27.01833152770996
20.73264503479004	31.720815658569336	46.44582748413086
43.44138717651367	30.717599868774414	31.0449275970459
19.521896362304688	21.408782958984375	30.254331588745117
2.4332165718078613	30.941736221313477	5.63541316986084
12.764941215515137	31.298351287841797	17.192020416259766
6.781846523284912	31.20006561279297	23.278270721435547
13.498611450195312	39.02082443237305	26.595449447631836
14.871635437011719	18.24079132080078	21.37808609008789
32.1717643737793	31.54225730895996	31.950807571411133
34.5709114074707	21.17144203186035	40.51561737060547
30.828025817871094	29.32448387145996	34.22715759277344
2.5702857971191406	11.493169784545898	38.308250427246094
36.66561508178711	21.495975494384766	3.784384250640869
32.4886589050293	35.645164489746094	12.764941215515137
26.595449447631836	23.31001853942871	18.24079132080078
28.319427490234375	23.518295288085938	30.02495002746582
19.057022094726562	35.5634765625	18.760507583618164
23.82459831237793	41.75955581665039	31.147396087646484
39.69908142089844	16.36992073059082	8.923518180847168
27.31534194946289	20.717254638671875	50.7725830078125
38.308250427246094	17.902658462524414	30.903615951538086
13.21550464630127	38.44874954223633	28.389911651611328
32.69888687133789	28.058977127075195	22.836307525634766
31.09799575805664	35.77998733520508	29.407920837402344
14.521627426147461	8.317323684692383	25.405805587768555
28.374935150146484	22.2500057220459	18.718002319335938
32.25651550292969	43.831974029541016	14.659192085266113
25.178142547607422	28.14322853088379	17.826356887817383
8.51461410522461	18.82856559753418	24.76854133605957
35.905029296875	17.738821029663086	38.20612335205078
17.294435501098633	15.648484230041504	31.87163543701172
19.161476135253906	13.329316139221191	22.939796447753906
39.32276916503906	8.48988151550293	24.13558578491211
8.72578239440918	25.69515037536621	15.786136627197266
4.310024738311768	35.613494873046875	30.821821212768555
25.217859268188477	21.225200653076172	28.44969940185547
26.061498641967773	7.635197639465332	18.881694793701172
19.53849983215332	26.31524085998535	30.583234786987305
39.53422927856445	18.922775268554688	32.80881118774414
4.844711780548096	9.279949188232422	28.040630340576172
26.981285095214844	33.401611328125	29.504322052001953
22.27981948852539	21.33731460571289	19.337650299072266
26.867923736572266	29.467693328857422	27.640243530273438
14.04997730255127	30.718772888183594	26.05375862121582
26.195261001586914	26.374265670776367	8.577606201171875
20.712688446044922	19.44346809387207	-0.3970915973186493
32.93000030517578	37.41217041015625	34.19286346435547
6.0689520835876465	37.12263870239258	23.742250442504883
13.72192096710205	4.4414286613464355	24.303529739379883
0.5237350463867188	31.05390167236328	2.4332165718078613
37.49144744873047	20.304454803466797	11.665233612060547
21.629976272583008	11.287123680114746	42.80299758911133
22.395854949951172	19.25212860107422	21.983186721801758
45.32266616821289	8.72578239440918	13.78043270111084
28.345470428466797	32.46973419189453	16.722244262695312
26.871286392211914	22.46267318725586	36.247154235839844
29.002429962158203	32.34690475463867	20.261749267578125
16.039457321166992	43.98789978027344	21.70816421508789
28.389911651611328	4.310024738311768	26.708547592163086
38.588653564453125	36.40482711791992	27.706371307373047
24.435924530029297	29.172914505004883	0.4952767789363861
25.03972816467285	23.010696411132812	39.37038803100586
20.525867462158203	11.729955673217773	30.78425407409668
18.75624656677246	22.395854949951172	24.31328582763672
22.395854949951172	16.140735626220703	11.57828426361084
7.82250452041626	33.52667236328125	4.954493045806885
33.73102569580078	35.4759407043457	41.75955581665039
32.7880744934082	41.78795623779297	14.041150093078613
28.147098541259766	36.09126281738281	18.675920486450195
31.28187370300293	19.794635772705078	15.391433715820312
29.32354736328125	34.568138122558594	19.02532386779785
13.709824562072754	8.205645561218262	31.147396087646484
16.047597885131836	25.08799934387207	25.937437057495117
25.37860679626465	37.75586700439453	18.375667572021484
9.38226318359375	-0.020303869619965553	-0.029725845903158188
0.07467084378004074	-0.040181610733270645	0.005075117573142052
0.07053343206644058	-0.004319986794143915	-0.0826190635561943
-0.07169370353221893	-0.06439998000860214	-0.022455470636487007
0.015099131502211094	0.035701021552085876	0.03278503566980362
0.07990503311157227	-0.05929072946310043	0.07117646932601929
0.010172154754400253	0.03695818409323692	-0.09344135224819183
0.07819424569606781	0.05217938870191574	-0.002216215478256345
-0.08094562590122223	0.05328234285116196	-0.07792895287275314
0.036866068840026855	-0.05207474157214165	0.07566814869642258
0.04180733859539032	-0.01318015344440937	-0.08493620902299881
0.0018382073612883687	-0.0856170728802681	0.0011895042844116688
-0.06501547247171402	0.05575956031680107	0.010206934995949268
0.06122473627328873	-0.03361813724040985	0.09950216859579086
-0.05586251989006996	-0.04964751750230789	0.0237368643283844
-0.08792086690664291	0.026755571365356445	0.034607913345098495
0.09717487543821335	0.022960035130381584	0.013579056598246098
0.0516883060336113	0.03669944778084755	-0.01078471727669239
-0.01987958885729313	-0.021139953285455704	0.023270364850759506
-0.06409259140491486	-0.04285836219787598	0.04519221559166908
-0.07509410381317139	0.06502293795347214	0.012296684086322784
0.058003269135951996	-0.09836309403181076	0.06873798370361328
0.006867383141070604	0.008095814846456051	-0.03781667724251747
0.08555068075656891	0.0486222542822361	0.07475834339857101
0.0783415138721466	0.0761006772518158	0.09620595723390579
-0.024155274033546448	0.0008443999686278403	0.024657802656292915
0.09486189484596252	-0.008191830478608608	0.0032187746837735176
-0.06235089898109436	-0.02363446168601513	-0.01996750943362713
-0.03182342275977135	-0.03294571489095688	0.016100658103823662
-0.09026101231575012	-0.058385904878377914	0.024298688396811485
0.05250624567270279	-0.05989539250731468	0.025708265602588654
-0.011697785928845406	-0.07218106091022491	-0.06315403431653976
0.06075459346175194	0.05534594878554344	0.0741347223520279
-0.06303808093070984	0.05838526785373688	-0.08518067002296448
0.004434062633663416	-0.059042733162641525	-0.013989810831844807
0.07244386523962021	0.061248406767845154	-0.0917578637599945
0.0016584981931373477	0.035209573805332184	0.026981312781572342
-0.07858571410179138	-0.03778928890824318	0.06423380225896835
-0.06424316763877869	-0.06585098803043365	0.061229199171066284
-0.03822057694196701	0.09946943819522858	-0.08822669833898544
-0.04908778518438339	-0.045420486479997635	0.04950431361794472
0.08824171870946884	-0.0867677554488182	0.010351559147238731
0.044981032609939575	-0.03069123439490795	-0.00774924922734499
0.09093916416168213	0.07961783558130264	0.008179577998816967
0.07773080468177795	0.09056369215250015	0.0840751975774765
0.019832251593470573	0.041594766080379486	-0.05791616067290306
0.057123951613903046	-0.010786136612296104	-0.06713233888149261
0.031575996428728104	0.017497535794973373	0.04139988496899605
-0.0671248733997345	0.07013331353664398	-0.021726537495851517
-0.08610503375530243	-0.004966908134520054	-0.006994578987360001
0.014645771123468876	-0.00796840526163578	0.03885257616639137
-0.06576314568519592	-0.05690419301390648	0.054766226559877396
0.08177729696035385	-0.08405178785324097	-0.09955019503831863
-0.069831982254982	0.053866494446992874	0.040965162217617035
-0.09892389923334122	-0.045317936688661575	-0.0644753947854042
0.016747817397117615	0.05466220900416374	-0.0007638912065885961
-0.012317042797803879	-0.01613014005124569	-0.0374726839363575
0.09566003829240799	0.09623713791370392	-0.00837408285588026
-0.004103383980691433	0.06841406226158142	0.04180468991398811
-0.016258995980024338	-0.0873013436794281	0.07601598650217056
0.055441275238990784	-0.02979092486202717	-0.049970127642154694
0.001391841797158122	-0.05851958692073822	0.000541845103725791
-0.055572301149368286	-0.003661792492493987	0.0001677702384768054
-0.00028450210811570287	0.06479781866073608	-0.06162770837545395
-0.034514639526605606	0.03542151302099228	-0.0261098463088274
0.04788988083600998	-0.09146634489297867	0.07612211257219315
-0.07814695686101913	-0.08097899705171585	-0.07239063829183578
-0.059142325073480606	-0.07359962165355682	-0.03250550851225853
0.024267544969916344	-0.09902936965227127	0.07976551353931427
0.012422135099768639	0.07285858690738678	0.01043128501623869
0.09472164511680603	-0.024994658306241035	0.016741501167416573
-0.03134608268737793	-0.033946435898542404	-0.07365648448467255
0.06419317424297333	-0.08916952461004257	-0.004555711057037115
-0.02184843271970749	-0.02051645703613758	-0.01921326108276844
-0.09175881743431091	-0.03264312818646431	0.04823280870914459
0.09399550408124924	-0.04558221623301506	-0.05934577062726021
0.06479454040527344	0.08004313707351685	0.08515191823244095
-0.07773122191429138	-0.04740346595644951	-0.03905016556382179
-0.0821676254272461	-0.09000672399997711	-0.07648903876543045
0.05860622972249985	0.09544405341148376	-0.08029641211032867
0.023671049624681473	0.08923466503620148	-0.09401043504476547
-0.019862715154886246	-0.07826963812112808	0.09213252365589142
-0.07416317611932755	0.07845673710107803	0.026517901569604874
0.05307178944349289	-0.05515239015221596	0.08623424172401428
0.0815761387348175	0.028857732191681862	0.018926525488495827
0.087262824177742	-0.08019037544727325	0.09632048010826111
-0.07260671257972717	0.05085562914609909	-0.023097772151231766
-0.06172918155789375	0.00421393197029829	-0.061537135392427444
-0.024377470836043358	-0.03318412974476814	-0.09895763546228409
-0.015405136160552502	-0.0816117376089096	0.01679956540465355
0.00570527883246541	0.053870029747486115	-0.03764553368091583
0.0867374911904335	0.05885264649987221	-0.02417651377618313
0.05892807990312576	-0.008780165575444698	0.024017587304115295
-0.08658359199762344	-0.016323605552315712	-0.05866393819451332
-0.0607825443148613	0.02087222971022129	0.0917515903711319
0.007864225655794144	0.00837388914078474	-0.060284677892923355
0.06722506880760193	0.01960695907473564	0.072331503033638
-0.05321679636836052	-0.03164249658584595	-0.035746242851018906
-0.057671304792165756	-0.07026346772909164	-0.0013330174842849374
0.0463346503674984	0.011596787720918655	0.0759245902299881
-0.06140241399407387	0.03892723098397255	-0.07343683391809464
0.08174785226583481	0.0915268138051033	-0.022863997146487236
-0.01051271054893732	-0.039762578904628754	0.01612788625061512
0.06148992106318474	-0.011182758957147598	-0.09347545355558395
0.05631846934556961	0.02490915171802044	-0.0508977547287941
0.05217817798256874	0.011123862117528915	-0.021745549514889717
0.08256762474775314	0.05222702398896217	0.041199635714292526
0.0664619505405426	0.06935377418994904	0.03312421962618828
-0.0698351189494133	-0.09031412750482559	-0.0786246731877327
-0.04583040997385979	-0.0667402371764183	-0.09855251014232635
-0.012667388655245304	0.06500892341136932	0.018630582839250565
-0.07386782020330429	0.02778945304453373	-0.09706120938062668
0.07705267518758774	-0.03786265105009079	-0.04914749786257744
-0.07745884358882904	-0.09555632621049881	-0.029223095625638962
0.05067410692572594	0.06883641332387924	0.03156035393476486
0.00657439511269331	0.027715221047401428	-0.07808990031480789
0.06354431062936783	-0.09433678537607193	-0.030423972755670547
0.025319082662463188	-0.09923778474330902	0.09265593439340591
-0.04992463067173958	0.09549842774868011	0.0717548057436943
-0.04539136588573456	0.03165421262383461	0.012955952435731888
-0.07982263714075089	0.05038226395845413	-0.02976531721651554
-0.07174868136644363	0.011312609538435936	-0.012721897102892399
0.06098722666501999	0.07684580236673355	0.039010390639305115
0.025682592764496803	0.03520190343260765	0.05454201251268387
0.05062423646450043	0.03579333424568176	0.08795060962438583
0.07897619158029556	0.02684294432401657	0.030530663207173347
-0.05798104405403137	0.08918549120426178	-0.024572698399424553
0.07837943732738495	-0.06322826445102692	0.017682092264294624
-0.058735981583595276	0.018390778452157974	0.027139117941260338
0.092388816177845	0.07818102091550827	-0.05178322643041611
-0.044186439365148544	-0.044106870889663696	-0.003626554273068905
-0.021802429109811783	0.09045315533876419	0.05820527300238609
-0.06815963238477707	-0.04231322184205055	0.06363490968942642
0.038308847695589066	-0.018417207524180412	-0.053772781044244766
0.004131151828914881	0.04268823564052582	0.08219056576490402
-0.0723394826054573	0.0006563751376233995	0.01441325806081295
0.0381469763815403	0.06373950839042664	-0.048743836581707
-0.05323146656155586	0.07034383714199066	-0.05564715713262558
-0.0892028957605362	-0.09301051497459412	0.06679883599281311
0.04821749031543732	0.03881877288222313	-0.01831279881298542
0.08617819845676422	0.06730298697948456	0.08339224010705948
-0.09608295559883118	-0.0962962731719017	0.07860110700130463
0.01660437136888504	-0.08583786338567734	-0.02677755057811737
0.027496881783008575	-0.02096279338002205	-0.027129650115966797
-0.07286669313907623	-0.02532137930393219	-0.03412516787648201
0.02126879058778286	0.04371621832251549	0.017330700531601906
0.01588454656302929	-0.021385444328188896	-0.05651281028985977
-0.00027045406750403345	0.06362808495759964	-0.01363676693290472
0.0982637107372284	-0.02920706197619438	0.0265615526586771
0.04222269356250763	-0.06601468473672867	-0.03873671591281891
0.020598838105797768	0.059641364961862564	0.03677266463637352
-0.05451162904500961	0.05384131520986557	-0.0046491012908518314
-0.012027903459966183	-0.06561394780874252	0.04317030310630798
-0.03243844211101532	0.07127112150192261	0.0769568681716919
-0.07126081734895706	0.09131770581007004	-0.03898584470152855
-0.09843356162309647	-0.09256619215011597	0.004656300880014896
0.08570459485054016	-0.001069107442162931	0.04019570350646973
0.06276529282331467	0.01866069808602333	0.09220569580793381
-0.01915695331990719	0.09346940368413925	-0.07255212217569351
0.0024827509187161922	-0.010986666195094585	-0.09422194957733154
0.045157935470342636	-0.054066695272922516	-0.06423938274383545
-0.08045727014541626	-0.0771292895078659	-0.09836907684803009
-0.004975052084773779	-0.008875458501279354	-0.07330073416233063
-0.09943573921918869	-0.05068735405802727	0.028606954962015152
-0.06857919692993164	0.09637267887592316	-0.034019485116004944
0.056889671832323074	0.07365623861551285	-0.036649979650974274
0.08465234935283661	0.06006930395960808	-0.04527391120791435
-0.025583557784557343	0.014652141369879246	0.03396230190992355
-0.0864570140838623	0.04438706859946251	-0.0008800991345196962
0.06140865758061409	0.08255374431610107	-0.084978386759758
0.09413571655750275	-0.018565235659480095	0.08018118143081665
0.07239866256713867	0.03847729042172432	0.06547468900680542
-0.04715913534164429	0.06255779415369034	0.08264186233282089
0.0825888067483902	0.027385612949728966	-0.06393904983997345
-0.08778088539838791	0.06948600709438324	0.03657145798206329
-29.834064483642578	11.584386825561523	-29.566970825195312
-39.72847366333008	-21.841493606567383	6.652947902679443
12.551528930664062	29.96619415283203	-26.53702163696289
-32.071449279785156	29.377498626708984	33.5931510925293
38.401729583740234	-36.361366271972656	7.0825090408325195
15.17930793762207	32.372562408447266	24.624343872070312
-36.2567253112793	33.9013786315918	3.154385805130005
-15.322359085083008	23.434080123901367	-4.621584892272949
33.77781295776367	11.607609748840332	22.454626083374023
23.683168411254883	14.159018516540527	13.067293167114258
17.649812698364258	35.51860046386719	39.42133331298828
12.641005516052246	-20.089008331298828	30.746122360229492
12.742531776428223	-4.90399169921875	-32.51517868041992
-1.6489458084106445	-2.2978787422180176	-21.01365852355957
18.6289005279541	33.39680099487305	16.12635040283203
-15.786446571350098	-1.1104573011398315	-13.335225105285645
9.429335594177246	7.2602362632751465	-2.5100510120391846
-30.71882438659668	3.9321722984313965	10.462078094482422
7.214731693267822	32.387847900390625	26.729646682739258
32.507591247558594	29.541990280151367	2.152460813522339
38.11398696899414	-29.2961368560791	36.61234664916992
33.41059112548828	18.07079315185547	-3.8387563228607178
-38.416236877441406	-24.32826805114746	30.32832908630371
-7.5480475425720215	10.798437118530273	37.26352310180664
8.15925407409668	23.859010696411133	-6.274337291717529
-3.6598784923553467	-37.64958953857422	17.929821014404297
12.014029502868652	8.735294342041016	-28.193872451782227
-30.598817825317383	34.46446990966797	-35.35908508300781
-10.857661247253418	14.722884178161621	-31.052125930786133
-26.479248046875	-6.565433025360107	-12.452315330505371
-0.02760089747607708	-14.08003044128418	-17.700910568237305
22.38062858581543	4.886441707611084	12.8765230178833
-5.445777416229248	28.475122451782227	10.28494644165039
-20.757474899291992	1.5685189962387085	3.7728917598724365
-15.690618515014648	31.94820785522461	32.76329040527344
38.240028381347656	-32.60148620605469	36.59661102294922
15.357454299926758	2.406141519546509	33.1478157043457
31.41410255432129	-8.006980895996094	-13.196792602539062
-31.355606079101562	-25.895496368408203	10.086580276489258
1.7306123971939087	13.109125137329102	-31.670034408569336
14.897682189941406	-10.412580490112305	-31.380043029785156
-31.43518829345703	-14.939364433288574	4.720438003540039
-6.795307159423828	-25.383190155029297	21.36042594909668
-18.522768020629883	5.496954441070557	-29.52711296081543
22.93699836730957	16.38275909423828	13.078849792480469
-25.430734634399414	39.89088821411133	24.777971267700195
-37.99910354614258	-17.679489135742188	-13.420921325683594
19.259611129760742	16.46014976501465	-24.693241119384766
27.699172973632812	-39.76873016357422	32.67936325073242
-2.3643369674682617	-6.869757175445557	3.573539972305298
26.417003631591797	-23.880552291870117	11.437736511230469
8.186805725097656	38.91021728515625	4.004824638366699
9.103150367736816	23.484350204467773	0.8336686491966248
0.5870357155799866	-23.95808219909668	-6.87517786026001
-21.38869285583496	36.92331314086914	7.977788925170898
-2.1549110412597656	3.152971029281616	10.651036262512207
-35.25529479980469	-29.53171157836914	-14.605033874511719
-21.311275482177734	-36.93281936645508	24.756526947021484
-36.7457389831543	39.64104080200195	5.71453332901001
-27.823495864868164	-0.04306809604167938	-12.286267280578613
16.779775619506836	18.3430118560791	-26.122133255004883
6.1382341384887695	-2.190232515335083	-35.8159294128418
25.044200897216797	-5.369539260864258	-9.598846435546875
-35.59750747680664	8.052933692932129	4.91989803314209
2.7815849781036377	36.177886962890625	13.286210060119629
5.480842590332031	-8.955276489257812	-22.5224666595459
12.107202529907227	-22.656171798706055	-23.423723220825195
11.553877830505371	-32.38884735107422	-33.95082473754883
-4.6468048095703125	-24.848154067993164	-10.485020637512207
20.21982192993164	-28.143001556396484	34.32343292236328
23.0592041015625	22.588117599487305	25.991804122924805
35.554534912109375	9.042308807373047	22.622230529785156
1.0244654417037964	-33.47543716430664	28.0314998626709
-39.583106994628906	16.92350196838379	-29.992328643798828
-3.3029274940490723	18.628908157348633	-33.93374252319336
22.68247413635254	-30.39411163330078	-2.0521671772003174
30.320423126220703	-21.247989654541016	35.09634017944336
35.749446868896484	0.3584085702896118	-28.92495346069336
-25.613922119140625	-34.31385040283203	1.794176459312439
-36.954322814941406	-18.32023048400879	1.9403913021087646
19.002216339111328	-39.87882995605469	-9.783958435058594
-21.131515502929688	18.967010498046875	-24.510900497436523
-27.61643409729004	14.034466743469238	1.3667845726013184
-8.290114402770996	1.4790953397750854	21.884620666503906
-17.427587509155273	-21.34128761291504	0.3120349943637848
-19.374731063842773	34.70248794555664	-11.502763748168945
-35.937679290771484	-13.128024101257324	15.364371299743652
29.485219955444336	-17.85379981994629	-16.10860824584961
1.7950118780136108	-28.079547882080078	-9.427711486816406
-18.781391143798828	16.435911178588867	-36.852630615234375
-31.89752960205078	-37.028987884521484	35.211666107177734
-29.042932510375977	-10.262986183166504	8.221508026123047
12.995330810546875	38.72370910644531	-31.568635940551758
-13.794227600097656	-27.043020248413086	15.783467292785645
37.146766662597656	-11.684290885925293	-11.065496444702148
-35.795013427734375	-25.83060073852539	19.70050048828125
20.459882736206055	38.67025375366211	-6.553497314453125
34.69655227661133	-0.13593445718288422	16.578516006469727
-2.943103313446045	-32.65060043334961	-15.812325477600098
-11.13255786895752	7.450596809387207	-0.3394884169101715
-4.012061595916748	-32.89717483520508	-20.943981170654297
-38.816524505615234	-24.66512680053711	27.935083389282227
-0.8807669878005981	4.783758640289307	6.648233413696289
2.9716153144836426	14.935094833374023	-20.546770095825195
-37.87092590332031	27.976728439331055	-1.8105382919311523
11.415451049804688	19.950246810913086	5.013113021850586
10.056049346923828	28.423921585083008	-29.240018844604492
-25.107112884521484	-3.3004682064056396	-28.913856506347656
-18.033464431762695	-31.532726287841797	-10.55630111694336
-8.88774585723877	17.884572982788086	-29.122465133666992
3.9166419506073	-8.576316833496094	-3.043829917907715
-20.73969841003418	8.50042724609375	24.464399337768555
-4.025527000427246	-27.285097122192383	27.830385208129883
21.392990112304688	-26.590534210205078	-22.36083221435547
37.78462219238281	37.395877838134766	-3.912166118621826
-23.46365737915039	-3.492004871368408	-20.135787963867188
22.739046096801758	-25.362668991088867	-4.487270355224609
25.053430557250977	21.90489959716797	-9.697792053222656
39.53348159790039	3.9848880767822266	-11.693137168884277
-36.6351203918457	5.022305488586426	-21.420854568481445
6.909824371337891	-35.20152282714844	0.09779460728168488
14.934691429138184	28.290021896362305	-29.352842330932617
26.347436904907227	-4.226663112640381	13.122686386108398
3.313079833984375	15.449835777282715	-16.166723251342773
-9.010885238647461	-32.0747184753418	-24.067859649658203
17.064899444580078	-19.10760498046875	0.49310681223869324
-33.62038040161133	28.727008819580078	-35.099910736083984
25.132976531982422	6.705661296844482	4.364458084106445
6.293093204498291	19.488147735595703	-27.373031616210938
7.50634765625	23.83352279663086	20.711021423339844
-39.73074722290039	33.420166015625	-15.343432426452637
-26.46622657775879	37.158058166503906	4.1355180740356445
-10.839384078979492	0.4185769855976105	9.169358253479004
-39.163299560546875	-5.388632297515869	22.31741714477539
10.766470909118652	-32.1312370300293	15.409687995910645
18.313072204589844	-7.211002349853516	-35.439884185791016
-22.80404281616211	26.974794387817383	0.7515384554862976
13.134956359863281	-15.935983657836914	9.64261245727539
5.84038782119751	38.931819915771484	-7.338199615478516
29.216291427612305	16.129125595092773	14.257035255432129
-7.975419044494629	-7.681692123413086	-18.161043167114258
-23.481279373168945	-1.5707287788391113	-18.0048885345459
21.551740646362305	27.07831382751465	27.279958724975586
1.3755075931549072	-39.16223907470703	30.440349578857422
-16.147024154663086	-25.780441284179688	13.886174201965332
34.47992706298828	-19.862443923950195	30.259689331054688
-23.907941818237305	-8.973976135253906	-30.732830047607422
3.6945700645446777	12.471122741699219	-12.309635162353516
-22.369083404541016	24.814191818237305	-22.9790096282959
-20.372549057006836	-2.84269118309021	3.2373602390289307
22.023582458496094	2.2370851039886475	6.426653861999512
4.692023754119873	5.807884216308594	11.016773223876953
-10.074551582336426	-6.040803909301758	-25.07089614868164
-16.399452209472656	-30.9511775970459	39.591033935546875
13.860145568847656	35.83372116088867	10.063364028930664
30.486371994018555	0.7967208027839661	19.92660140991211
-35.946903228759766	36.5404167175293	26.530126571655273
-8.111912727355957	19.320968627929688	32.936702728271484
-4.160794734954834	-22.225543975830078	12.846291542053223
27.915691375732422	-13.452699661254883	25.65594482421875
12.293723106384277	-26.117952346801758	-1.2983789443969727
-4.325530529022217	-23.63408660888672	28.633941650390625
32.24738693237305	29.179931640625	-16.77362060546875
-3.114553213119507	-38.1316032409668	9.85891056060791
18.295286178588867	-29.054821014404297	-14.819404602050781
22.65961456298828	-11.362327575683594	-38.48352813720703
-13.071390151977539	11.768980979919434	-4.357815742492676
-32.25933074951172	16.470481872558594	-35.64990997314453
-7.012648582458496	27.613080978393555	-39.7181510925293
-13.521932601928711	6.312034606933594	17.18862533569336
20.275327682495117	-33.329471588134766	15.14808177947998
8.985939979553223	-0.2787334620952606	4.8395094871521
22.388351440429688	26.444061279296875	-20.822921752929688
35.04546356201172	31.201696395874023	19.861719131469727
-12.536093711853027	-13.5775785446167	33.70281982421875
34.17420959472656	22.8448543548584	6.424313068389893
-30.549978256225586	-28.979381561279297	-3.602114200592041
21.478015899658203	-36.46486282348633	-38.83372497558594
12.817281723022461	-26.312698364257812	7.311798572540283
36.38383865356445	-13.785139083862305	-22.561016082763672
25.647310256958008	-7.830036163330078	25.194063186645508
29.046531677246094	-23.623029708862305	36.5939826965332
25.1240234375	-3.794039011001587	2.4168245792388916
-37.597694396972656	-39.95195770263672	0.35848739743232727
-39.27788543701172	13.73503303527832	24.76471710205078
10.808192253112793	-11.748485565185547	-21.19915199279785
34.337867736816406	-35.17946243286133	-28.942384719848633
33.413368225097656	-25.294649124145508	-18.187904357910156
-32.379119873046875	7.229867935180664	-18.202577590942383
-17.858671188354492	4.740332126617432	5.731794834136963
-26.03533172607422	28.282228469848633	-6.301255702972412
-32.10543441772461	33.827239990234375	4.554050922393799
-8.510637283325195	-11.493542671203613	16.451688766479492
30.9404354095459	3.749152898788452	-35.41720962524414
-1.5123811960220337	7.488330841064453	5.374566555023193
7.508753776550293	-35.739994049072266	-12.65155029296875
-31.75705337524414	24.467615127563477	-13.653209686279297
2.25091552734375	23.68374252319336	-22.933115005493164
-15.793394088745117	11.069100379943848	-19.35189437866211
19.64196014404297	31.579795837402344	26.29090690612793
-0.9847808480262756	30.665258407592773	38.26810836791992
8.410812377929688	30.176189422607422	-36.9765739440918
24.85002899169922	17.171422958374023	-12.11814022064209
6.326295852661133	-38.16416931152344	11.380365371704102
-5.5074567794799805	-28.92526626586914	-12.082557678222656
-9.824895858764648	38.97488021850586	-19.10886573791504
7.806066989898682	38.245906829833984	-25.595243453979492
9.565401077270508	-26.008691787719727	-12.781436920166016
-13.47825813293457	14.256525993347168	-4.456791400909424
9.449318885803223	-10.702690124511719	15.740655899047852
37.94487380981445	-2.2321343421936035	-5.2436065673828125
7.3290510177612305	-38.196746826171875	-20.109966278076172
-0.0694129690527916	30.22126579284668	23.233539581298828
9.486617088317871	-15.121277809143066	-29.416627883911133
-0.9259956479072571	1.9718519449234009	26.72965431213379
-29.96926498413086	5.542480945587158	14.097179412841797
25.08725929260254	7.252820014953613	24.162290573120117
-13.419774055480957	-30.62641143798828	1.423134684562683
17.248619079589844	2.4140267372131348	-11.302483558654785
-21.212570190429688	-9.504620552062988	-28.57529067993164
-1.51682710647583	-32.72873306274414	-12.269855499267578
33.41619873046875	12.482706069946289	5.055766582489014
15.207926750183105	25.737884521484375	-36.996421813964844
-38.942710876464844	34.109046936035156	-35.878257751464844
25.502498626708984	39.97740936279297	13.422008514404297
16.44455909729004	3.762916326522827	34.67916488647461
-18.618167877197266	-19.25408172607422	-33.43275451660156
7.216734886169434	-26.215845108032227	32.17631912231445
-11.031326293945312	-1.8368806838989258	21.372507095336914
-26.87158966064453	24.52112579345703	-16.105337142944336
-11.106033325195312	-32.591835021972656	-34.20634841918945
11.214308738708496	21.78391456604004	39.88435363769531
28.70338249206543	-29.624248504638672	10.863008499145508
-0.15269704163074493	17.00027084350586	-21.900104522705078
13.960817337036133	32.167724609375	-34.3553352355957
-7.062661647796631	3.906200885772705	-32.12202835083008
35.03390884399414	29.69954490661621	-25.9052791595459
12.80842399597168	6.47518253326416	10.792722702026367
15.330092430114746	0.6789078116416931	-39.768795013427734
6.517981052398682	-20.489587783813477	-4.406345367431641
-27.943603515625	-26.813697814941406	17.587881088256836
-3.17832612991333	-16.689125061035156	0.3099924623966217
37.91386795043945	-35.965476989746094	29.94367218017578
-24.106412887573242	-27.748563766479492	6.4235453605651855
33.51388931274414	2.9861040115356445	-8.645416259765625
-19.90898895263672	-14.749361991882324	32.81440353393555
24.113615036010742	21.545085906982422	-4.928679943084717
-13.225911140441895	37.39342498779297	38.637630462646484
5.729842185974121	-26.398521423339844	-30.656410217285156
26.959959030151367	-10.151528358459473	-18.107450485229492
35.181976318359375	-32.122276306152344	27.427305221557617
8.84970474243164	-15.760680198669434	-22.33080291748047
13.40687084197998	6.399009704589844	-34.84589385986328
13.325274467468262	7.924159049987793	1.7948544025421143
-4.251220226287842	2.54411244392395	-31.45163345336914
-5.121490478515625	32.36732482910156	-31.13353729248047
0.8483350872993469	-11.02458381652832	-38.748573303222656
39.24591827392578	-14.364095687866211	-33.423789978027344
1.221686840057373	4.251432418823242	22.46733856201172
-34.450679779052734	28.97596549987793	-12.470319747924805
13.951120376586914	-26.466529846191406	-27.822309494018555
-8.609119415283203	-31.21310043334961	-28.047325134277344
-1.5345282554626465	22.12770652770996	11.234904289245605
-36.63240051269531	23.04363250732422	-38.15636444091797
-29.91933822631836	-13.326104164123535	-9.922828674316406
-3.2207586765289307	34.79859161376953	-35.11383056640625
32.80949401855469	-39.25501251220703	-27.725311279296875
-30.661052703857422	21.18125343322754	-26.792512893676758
3.4259698390960693	38.468658447265625	23.060029983520508
12.433965682983398	6.232125282287598	-3.8835623264312744
4.974820613861084	26.128435134887695	-32.893394470214844
-17.187808990478516	-12.655982971191406	-9.598104476928711
17.380149841308594	-22.131147384643555	26.90976905822754
13.973302841186523	-9.424578666687012	19.215652465820312
-12.330306053161621	-20.9333438873291	-34.38288879394531
24.557558059692383	16.40239715576172	39.16184997558594
10.410788536071777	-0.5094887018203735	26.297842025756836
35.00147247314453	26.07274627685547	-1.410138487815857
14.945438385009766	18.723236083984375	-37.02568435668945
-16.116024017333984	39.01609420776367	8.178658485412598
0.6155327558517456	-31.684511184692383	-21.011960983276367
-32.56261444091797	15.451510429382324	35.96711349487305
-7.0154523849487305	20.7050838470459	29.007953643798828
-31.077945709228516	-19.16513442993164	-0.2204517424106598
-33.46261215209961	-34.988182067871094	-39.09953308105469
0.5148969888687134	36.510066986083984	22.99614143371582
18.249364852905273	-35.49980926513672	-15.652576446533203
3.1373231410980225	25.756690979003906	-6.982059478759766
21.669368743896484	15.116004943847656	-23.802616119384766
-21.114919662475586	12.168091773986816	2.5889248847961426
-3.061537027359009	-12.107410430908203	-28.75345230102539
7.202574729919434	21.865013122558594	19.868358612060547
3.7567641735076904	-7.403284549713135	14.218191146850586
-7.747757434844971	-20.81264305114746	23.66825294494629
9.599895477294922	-12.184802055358887	-39.298458099365234
27.239839553833008	-33.1562614440918	-30.445161819458008
6.72588586807251	-5.27834415435791	7.1686530113220215
-27.835092544555664	-8.19864559173584	-23.287443161010742
-19.611961364746094	-7.262086868286133	-1.9645965099334717
-23.3173770904541	-13.3925199508667	-2.476019859313965
-31.56186866760254	-39.52231979370117	9.478813171386719
26.805828094482422	24.691967010498047	22.75063133239746
-5.770245552062988	0.8243057727813721	-19.157705307006836
-26.051523208618164	39.303550720214844	-17.432031631469727
15.72976303100586	37.23352813720703	24.369670867919922
14.364144325256348	-15.356667518615723	39.16664123535156
-33.855987548828125	-14.545955657958984	-27.973045349121094
-5.045145034790039	8.146564483642578	25.15018081665039
11.747831344604492	25.240690231323242	2.891901969909668
-24.366657257080078	-13.814168930053711	-35.9019775390625
27.3320369720459	34.1359748840332	-5.295696258544922
-3.480825185775757	1.3126825094223022	-14.302577018737793
-9.614656448364258	22.259981155395508	7.229638576507568
25.71917724609375	37.702423095703125	-0.9611589312553406
-36.73883819580078	-31.239120483398438	-11.614164352416992
-3.758040428161621	23.28944969177246	25.32172203063965
-21.995315551757812	-4.908186435699463	-22.696317672729492
1.8174220323562622	-7.924859046936035	-14.52845287322998
-7.863249778747559	-30.44536018371582	1.2105838060379028
-13.265355110168457	5.867512226104736	13.459538459777832
27.171606063842773	-13.233210563659668	-25.374691009521484
-17.366439819335938	15.971505165100098	1.0898091793060303
14.125628471374512	-35.4644775390625	-27.177379608154297
-16.291288375854492	-25.56492805480957	-29.860553741455078
5.872882843017578	-0.7205377817153931	-8.940542221069336
-3.9578776359558105	19.78924560546875	26.820804595947266
6.214886665344238	-33.414306640625	11.478368759155273
-23.767906188964844	-17.177289962768555	-35.2001838684082
-36.361366271972656	10.853350639343262	-5.224285125732422
-5.520483493804932	20.217256546020508	-17.093425750732422
-24.341184616088867	39.89787673950195	23.3997802734375
-28.141996383666992	38.253379821777344	-2.40114688873291
-10.478845596313477	35.17839431762695	18.238224029541016
39.02720642089844	2.574538469314575	-7.870385646820068
11.034578323364258	-16.825885772705078	-22.368629455566406
-39.75156784057617	-11.584895133972168	-31.749298095703125
-3.0568764209747314	38.173152923583984	-32.02436065673828
-11.94184398651123	-35.48191833496094	23.699888229370117
-13.198959350585938	-13.33694076538086	19.79500961303711
12.808717727661133	37.96559143066406	29.1170654296875
34.38835525512695	-38.140689849853516	-10.39128589630127
-25.78731918334961	-24.00520896911621	37.86750030517578
-11.7488431930542	-5.268148899078369	26.969802856445312
32.38954544067383	-15.6425142288208	-25.338802337646484
4.968142032623291	18.740379333496094	-8.1856107711792
-28.79033660888672	19.199121475219727	13.637741088867188
-37.825199127197266	-32.26459503173828	-14.731598854064941
-36.998313903808594	21.915708541870117	-23.149518966674805
-2.144509792327881	28.31142234802246	38.416419982910156
-22.7091121673584	-12.698954582214355	2.0565481185913086
31.606050491333008	-14.698179244995117	-3.5845394134521484
-10.826786041259766	-17.97888946533203	-25.330577850341797
-17.75897216796875	32.58112716674805	4.0114288330078125
-36.41925811767578	-29.026336669921875	16.756807327270508
24.552167892456055	32.208587646484375	15.3761568069458
38.84490966796875	39.87406921386719	10.646149635314941
-10.969614028930664	28.694759368896484	-8.569244384765625
2.2598702907562256	-24.152799606323242	-19.977636337280273
24.401885986328125	-23.940597534179688	1.221387267112732
-24.888944625854492	-5.074483871459961	39.093387603759766
-29.993759155273438	-1.3754762411117554	-2.6361818313598633
11.253335952758789	-35.69364547729492	-33.30902099609375
-35.49845886230469	38.252342224121094	2.0520002841949463
32.399417877197266	9.929222106933594	-21.69852066040039
22.35742950439453	-21.07880210876465	-34.857582092285156
-26.589115142822266	-7.485882759094238	36.56025314331055
-14.345276832580566	-3.5064809322357178	6.492997169494629
-17.98272705078125	-35.18059539794922	-35.05780029296875
17.87691307067871	9.979877471923828	14.9482421875
-24.584272384643555	-4.289936065673828	-22.353609085083008
-23.28351402282715	-32.80341339111328	34.76301193237305
-11.966446876525879	-20.156084060668945	-18.972124099731445
-31.037899017333984	15.521055221557617	-30.254438400268555
11.805855751037598	7.517943859100342	-38.24321746826172
-11.593546867370605	32.7873649597168	-37.04489517211914
-11.793097496032715	-30.31561851501465	-31.415605545043945
-28.1649227142334	-31.5122127532959	15.347176551818848
-20.70903968811035	-14.274942398071289	6.121661186218262
26.4514217376709	-25.946552276611328	-23.463281631469727
-27.958452224731445	-19.84002113342285	-33.252071380615234
14.625754356384277	21.103862762451172	10.755529403686523
-39.722904205322266	18.052743911743164	-5.255521297454834
-35.0437126159668	-24.38560676574707	4.421290397644043
29.196002960205078	21.18682098388672	20.864980697631836
36.130828857421875	38.54256057739258	-28.499441146850586
15.304229736328125	-20.86121368408203	29.895639419555664
-32.944454193115234	-0.5132185220718384	0.4795534610748291
2.977853536605835	-18.20412254333496	-17.72183609008789
-1.2265987396240234	-5.691859722137451	-20.382673263549805
-28.770509719848633	14.25913143157959	-33.452754974365234
23.198150634765625	-17.323266983032227	3.19626522064209
10.283353805541992	-2.3847146034240723	-7.275428295135498
37.74005126953125	-11.042762756347656	-31.905054092407227
28.998207092285156	-2.2018911838531494	7.41077995300293
-27.88765525817871	-1.1553925275802612	-4.871425628662109
36.84208297729492	-17.772659301757812	-1.0589993000030518
-9.041645050048828	34.666988372802734	-33.713497161865234
11.593198776245117	-3.7920620441436768	4.94814920425415
2.7999825477600098	13.508410453796387	-2.7956442832946777
15.861740112304688	-27.440797805786133	-15.501017570495605
-2.7210347652435303	-29.529878616333008	26.657852172851562
4.289329528808594	3.4354140758514404	-13.889838218688965
-20.587703704833984	31.65450096130371	29.404605865478516
-14.183039665222168	-36.457462310791016	-15.254812240600586
1.614249587059021	-11.738962173461914	-31.463516235351562
7.141117572784424	3.1652157306671143	6.775434970855713
1.0075232982635498	-7.9228515625	25.634883880615234
-26.497886657714844	15.568730354309082	20.0924015045166
27.877317428588867	39.12441635131836	13.70899486541748
2.6547152996063232	35.503055572509766	5.7416300773620605
17.867904663085938	-17.33650016784668	6.836977005004883
-23.90340805053711	-10.158316612243652	-32.10272979736328
-5.521685600280762	17.30877113342285	-4.5283684730529785
15.009272575378418	-0.7685980200767517	1.7446259260177612
-3.303145170211792	-1.4502097368240356	-8.157486915588379
-18.885517120361328	-38.10976028442383	18.637435913085938
-16.026348114013672	-6.253955841064453	11.837035179138184
-24.121015548706055	-7.138733386993408	1.16725754737854
-10.854162216186523	-18.708309173583984	-23.115304946899414
-30.6208553314209	-16.74598503112793	-18.51737403869629
-2.305382251739502	7.4827141761779785	-33.72147750854492
26.787137985229492	-10.126760482788086	23.630481719970703
19.98744010925293	-1.2720177173614502	-30.93267822265625
-14.12380599975586	-35.41740417480469	19.66254425048828
20.657472610473633	11.842659950256348	28.220016479492188
-1.2953882217407227	-7.492596626281738	-31.438528060913086
-0.8106061816215515	15.347151756286621	-8.500576972961426
-3.7218265533447266	-1.38279390335083	-22.45954132080078
-34.21219253540039	9.377738952636719	31.840063095092773
13.628838539123535	-34.211002349853516	-33.303932189941406
-24.14962387084961	-5.3509907722473145	-6.436923980712891
13.777108192443848	36.70915603637695	-29.047454833984375
-22.128734588623047	-16.428667068481445	-34.02527618408203
21.356000900268555	-8.73076057434082	-36.08674240112305
-10.60690689086914	-10.300915718078613	31.10793685913086
-38.032466888427734	-13.577613830566406	37.79124450683594
21.253568649291992	11.417766571044922	-15.116633415222168
9.19575023651123	2.1929218769073486	-32.86274337768555
13.64208984375	-13.856513023376465	-1.4442020654678345
5.578062534332275	-32.374237060546875	15.745600700378418
-32.85205078125	-0.8158126473426819	-32.773746490478516
23.93836784362793	-35.33024597167969	13.59603214263916
13.3489351272583	-4.759099006652832	16.06841278076172
-18.640155792236328	-28.70858383178711	15.36406135559082
34.586456298828125	31.39491844177246	37.06745910644531
-34.823081970214844	14.782258987426758	-17.113243103027344
7.564770698547363	26.209850311279297	24.454151153564453
14.497674942016602	27.231332778930664	-12.085577011108398
31.618791580200195	28.879575729370117	-29.008525848388672
36.172279357910156	-13.834470748901367	-20.241575241088867
-10.348162651062012	-38.147342681884766	-31.45823860168457
-35.07076644897461	28.54294776916504	-2.1288304328918457
-6.190495014190674	20.6810302734375	13.835026741027832
-25.698898315429688	-6.485909938812256	8.897747039794922
2.989179849624634	-16.65314483642578	34.863006591796875
25.188846588134766	-30.344818115234375	9.680280685424805
-15.85952091217041	-38.32716369628906	25.81647300720215
-31.644208908081055	35.30263900756836	-24.32623291015625
-20.398115158081055	33.88240051269531	-13.33764934539795
-0.3984997868537903	-39.599300384521484	38.44698715209961
14.203125	-6.610102653503418	-21.224966049194336
5.377424240112305	-19.746278762817383	-20.887136459350586
24.345956802368164	37.313194274902344	-15.838300704956055
1.7688732147216797	0.58976149559021	16.293325424194336
35.52224349975586	-25.029897689819336	9.073966026306152
6.2315592765808105	-5.287684440612793	-36.22959899902344
-17.874576568603516	4.508293628692627	31.24340057373047
13.17082405090332	-39.497154235839844	-31.207015991210938
-35.03616714477539	-30.206727981567383	-2.738563299179077
17.64412498474121	-35.19066619873047	20.135257720947266
-28.750139236450195	6.201658725738525	3.85919451713562
-3.571033239364624	22.657432556152344	-27.890031814575195
10.253222465515137	-5.403961658477783	36.32251739501953
25.3478946685791	16.881898880004883	-11.36227035522461
-38.75852584838867	-39.79424285888672	17.107057571411133
22.937665939331055	-34.76491165161133	39.25695037841797
-32.80215072631836	7.830476760864258	39.20040512084961
-3.812664270401001	28.436542510986328	-34.80632781982422
-29.067371368408203	28.768295288085938	4.650365352630615
20.907377243041992	-27.460535049438477	16.05849838256836
33.57405471801758	39.89650344848633	-3.2969067096710205
-11.366581916809082	-33.84369659423828	-30.92137908935547
-12.946080207824707	-3.274261474609375	-5.153201580047607
29.740188598632812	32.891380310058594	-32.52668380737305
-17.742565155029297	-12.699942588806152	-10.59006118774414
31.119935989379883	19.144628524780273	8.96243953704834
-8.919196128845215	18.078632354736328	-36.42527389526367
30.503084182739258	15.114355087280273	-12.735990524291992
-17.22116470336914	-21.52358627319336	17.935895919799805
-11.49876594543457	27.314517974853516	-27.455280303955078
-18.905372619628906	23.190399169921875	-5.787226676940918
-18.596914291381836	34.84154510498047	-19.874408721923828
-9.197112083435059	-14.764335632324219	-18.50140380859375
-21.71950340270996	1.4733388423919678	-33.851688385009766
-11.361217498779297	24.190221786499023	37.71853256225586
-31.339296340942383	37.799522399902344	-2.585371732711792
11.32860279083252	-15.024683952331543	-27.61640167236328
-0.33535248041152954	-34.50534439086914	31.626731872558594
-35.251129150390625	-14.939269065856934	0.25010791420936584
33.77040100097656	-11.812176704406738	-39.63774108886719
11.030593872070312	8.737486839294434	-20.669218063354492
11.465581893920898	-25.093355178833008	-37.637516021728516
-5.870044708251953	7.477114200592041	-39.14020919799805
1.0673407316207886	33.06298828125	8.641845703125
38.80906295776367	37.445308685302734	16.358854293823242
8.761102676391602	12.380975723266602	36.811439514160156
27.893613815307617	-10.041657447814941	28.145915985107422
1.3211777210235596	-5.954290390014648	-13.062030792236328
-27.828136444091797	-31.858701705932617	15.2534818649292
26.142955780029297	16.83108139038086	25.571548461914062
-20.37500762939453	10.813505172729492	-15.917320251464844
-25.12669563293457	-20.89152717590332	8.156986236572266
7.14598274230957	16.986289978027344	-38.53033447265625
24.203662872314453	16.933713912963867	-17.775836944580078
4.885592937469482	16.732919692993164	-30.779863357543945
26.856164932250977	23.078758239746094	-30.880523681640625
-29.90201759338379	30.656597137451172	-25.762184143066406
-4.6247477531433105	33.080692291259766	-22.828664779663086
-10.035605430603027	2.6680572032928467	-28.21645164489746
-26.59930419921875	-10.814803123474121	-14.02416706085205
-14.070426940917969	14.705379486083984	-28.32884407043457
-12.09193229675293	27.466415405273438	8.133648872375488
-14.93099308013916	28.168304443359375	-21.09431266784668
-35.7924919128418	-11.87938404083252	-33.69826889038086
-1.9943546056747437	7.264694690704346	28.57648277282715
-28.46700096130371	1.118332028388977	-17.25547981262207
-2.9743099212646484	24.026721954345703	2.5580976009368896
7.4519572257995605	-34.49736785888672	0.23021981120109558
-14.857598304748535	-36.674903869628906	27.686588287353516
28.29575538635254	-29.426286697387695	-28.216888427734375
-14.591425895690918	-7.016712665557861	13.156723976135254
-33.542232513427734	37.999916076660156	-8.818096160888672
39.319732666015625	-6.412816524505615	5.500997543334961
-3.4719479084014893	-19.6684513092041	-27.015361785888672
15.578530311584473	29.8604793548584	-12.517576217651367
-38.35824203491211	38.07979202270508	37.07105255126953
-23.317216873168945	-28.74327278137207	-6.450210094451904
-1.9221233129501343	33.05016326904297	17.762187957763672
22.848176956176758	-1.9831125736236572	4.618716716766357
18.22709083557129	-27.439828872680664	-21.781471252441406
9.41059684753418	-14.234065055847168	2.9424712657928467
29.445144653320312	-30.019962310791016	-6.700808525085449
34.564605712890625	-31.25379753112793	14.240402221679688
25.002803802490234	30.056806564331055	11.119026184082031
11.715222358703613	-39.284542083740234	-27.591716766357422
0.7209579348564148	-37.860721588134766	16.644529342651367
-33.284664154052734	35.73198699951172	-37.43534851074219
-8.512292861938477	25.514156341552734	1.5470045804977417
18.68726348876953	-11.571252822875977	-34.651695251464844
15.802011489868164	37.86205291748047	-20.70891761779785
0.41431114077568054	-38.57661437988281	23.64308738708496
33.64103698730469	-23.212491989135742	-8.629371643066406
27.034433364868164	-16.677885055541992	2.0242090225219727
-13.578414916992188	38.81732177734375	-37.431884765625
-28.564525604248047	-36.40313720703125	14.698784828186035
-17.072263717651367	-1.8469088077545166	-29.747312545776367
10.185304641723633	-10.341590881347656	7.516810894012451
-23.28655433654785	24.315994262695312	32.21396255493164
-7.795186996459961	25.953073501586914	-4.559962749481201
-8.059135437011719	-14.49690055847168	10.197880744934082
37.02586364746094	33.549198150634766	11.380232810974121
0.4598490595817566	-9.4943265914917	-24.326385498046875
9.667520523071289	-2.303901433944702	-35.47825622558594
31.206727981567383	10.834455490112305	36.052818298339844
38.92213821411133	5.548527717590332	17.63974380493164
6.226280689239502	-32.49781799316406	-13.383244514465332
35.26761245727539	-27.034738540649414	3.9984943866729736
23.352190017700195	32.840843200683594	-21.669822692871094
38.53569030761719	37.9432373046875	38.7628173828125
-34.64372634887695	-7.20422887802124	4.225773334503174
37.904396057128906	-35.22859573364258	15.173447608947754
4.999920845031738	-26.387937545776367	14.238456726074219
-14.533432960510254	-28.278789520263672	25.206470489501953
0.12968724966049194	25.493698120117188	8.562275886535645
23.584543228149414	29.930028915405273	11.938255310058594
26.135456085205078	-29.582117080688477	-11.510820388793945
-34.76219940185547	25.441347122192383	37.58188247680664
-1.0328893661499023	33.39344787597656	11.696285247802734
-6.716568470001221	-28.272377014160156	18.087181091308594
30.52879524230957	-32.788917541503906	12.852546691894531
14.417539596557617	-33.5782470703125	0.08602475374937057
-35.909061431884766	39.42219161987305	9.249834060668945
-9.676570892333984	-8.963196754455566	9.956920623779297
18.431337356567383	-39.03034973144531	33.37929916381836
21.188493728637695	15.755135536193848	23.438501358032227
11.017707824707031	-22.17741584777832	-34.2145881652832
-35.711463928222656	-4.418112277984619	27.610448837280273
31.058486938476562	24.49309730529785	-26.2697696685791
19.435815811157227	-26.869321823120117	-7.992298603057861
-10.560979843139648	3.3752756118774414	0.22613511979579926
29.260425567626953	32.24143600463867	1.512195110321045
-9.310510635375977	-21.002901077270508	27.188308715820312
39.87761688232422	13.616325378417969	-37.00040054321289
20.1892032623291	-8.021543502807617	30.891407012939453
-36.76985549926758	35.37725830078125	-6.861439228057861
-7.206242084503174	35.0701904296875	35.900108337402344
9.227071762084961	-26.58192253112793	-39.61149215698242
-26.927127838134766	-6.722391128540039	-14.037962913513184
-30.46988296508789	-7.119670867919922	-21.114032745361328
12.945369720458984	-8.769341468811035	23.61393928527832
-24.74299430847168	-15.761434555053711	-9.644420623779297
31.715320587158203	26.757436752319336	39.06657791137695
7.3886027336120605	20.814939498901367	-24.98479461669922
23.343490600585938	-25.752212524414062	19.048967361450195
20.174503326416016	23.469194412231445	-33.26799392700195
33.99618148803711	8.033589363098145	33.96751403808594
-29.377058029174805	6.849464416503906	2.543038845062256
17.9009952545166	19.207429885864258	29.45766258239746
27.424365997314453	2.2614357471466064	-3.0256330966949463
-18.645463943481445	17.066364288330078	-14.435266494750977
12.456342697143555	34.63087844848633	-13.986699104309082
24.99899673461914	-25.3004207611084	-31.520065307617188
-23.251358032226562	8.362241744995117	21.657197952270508
-7.233523368835449	39.0374870300293	-26.81696128845215
-15.093701362609863	-25.804954528808594	-2.865595817565918
-24.919675827026367	31.010087966918945	29.274097442626953
29.660888671875	-5.505843639373779	11.770092010498047
25.990018844604492	-25.957630157470703	-21.825973510742188
25.648433685302734	-1.226051688194275	7.678268909454346
-11.553214073181152	-31.840696334838867	-4.7876105308532715
15.654874801635742	33.45735549926758	22.183427810668945
-14.45606517791748	-25.611398696899414	25.228805541992188
10.801865577697754	25.46968650817871	-38.82542419433594
24.262958526611328	34.91419982910156	-13.735873222351074
-7.080329895019531	7.149503231048584	7.056033611297607
11.176319122314453	17.4162540435791	30.017009735107422
-7.836094856262207	18.911413192749023	11.167381286621094
4.019519329071045	-6.270193576812744	22.766708374023438
20.497051239013672	-6.601997375488281	10.126546859741211
-27.63652801513672	-21.60807991027832	15.141524314880371
-28.560457229614258	17.882966995239258	-3.50325608253479
-29.164817810058594	-3.646085023880005	20.14063835144043
9.313939094543457	26.821149826049805	-7.428754806518555
-24.66627311706543	-38.81357955932617	21.340517044067383
-15.658096313476562	-10.898200035095215	-7.9004106521606445
-13.945350646972656	-31.044870376586914	-34.84245300292969
6.926961421966553	-1.4037262201309204	15.309064865112305
12.505447387695312	-37.42338943481445	3.423236846923828
23.071889877319336	-39.84260559082031	9.21773624420166
22.28805923461914	25.88176155090332	-24.10039710998535
15.018917083740234	24.075429916381836	-30.391305923461914
27.568359375	2.4967200756073	-22.773473739624023
-11.22280502319336	-33.498802185058594	-36.01812744140625
-16.965070724487305	21.653921127319336	-26.641550064086914
15.09163761138916	-4.417752265930176	33.98178482055664
-10.151339530944824	-26.908918380737305	-31.604581832885742
4.492954730987549	-34.378822326660156	33.538002014160156
16.400604248046875	36.96138381958008	-25.584060668945312
-6.10067892074585	25.609580993652344	-14.213144302368164
-31.255704879760742	-1.7975608110427856	-37.64365768432617
-5.582018852233887	23.68050193786621	12.014013290405273
16.589862823486328	-27.843780517578125	5.190701961517334
-31.191650390625	-11.664576530456543	-38.47174835205078
-4.772534370422363	-11.754348754882812	30.63060188293457
10.17763614654541	-27.279281616210938	15.636622428894043
-11.449202537536621	-4.847121715545654	-3.9237148761749268
3.8262150287628174	38.79891586303711	8.200636863708496
34.2320442199707	-36.9734001159668	-15.788851737976074
-23.897825241088867	6.068003177642822	-36.35161209106445
-13.8505277633667	8.8305025100708	24.26616668701172
-19.378273010253906	35.99037551879883	-11.836551666259766
1.241532564163208	-36.463897705078125	-19.172136306762695
9.660378456115723	-28.80318260192871	-24.715110778808594
-1.1138033866882324	1.6807496547698975	-31.4003849029541
-21.036521911621094	34.12699890136719	24.621356964111328
-11.72353744506836	12.583500862121582	29.003013610839844
23.01776695251465	18.562931060791016	15.67342472076416
9.844646453857422	-26.904184341430664	-20.817813873291016
23.010019302368164	-39.05966567993164	-33.13384246826172
-13.392094612121582	4.044605731964111	-32.17417907714844
-24.36011505126953	-8.210295677185059	-15.920389175415039
6.480687618255615	-24.172622680664062	36.919960021972656
23.67130470275879	35.001121520996094	-29.347990036010742
-11.724871635437012	8.203653335571289	-27.277069091796875
9.298460960388184	-19.56285285949707	18.632099151611328
-4.103866100311279	5.23923397064209	5.750266075134277
14.814257621765137	16.89011573791504	6.669836044311523
37.62933349609375	-19.685226440429688	-27.815465927124023
-33.106624603271484	16.570783615112305	-5.227032661437988
-23.5689697265625	10.632285118103027	-16.852121353149414
-6.234494686126709	-0.012236898764967918	37.019683837890625
5.09279727935791	-26.154504776000977	-39.56089782714844
5.065047264099121	8.044116973876953	0.0999978706240654
0.02924155630171299	-0.04189200699329376	-0.07216334342956543
0.07958877086639404	0.05244869366288185	0.047897081822156906
0.0706266239285469	-0.0042670355178415775	0.017488161101937294
0.006457507610321045	-0.0643235445022583	-0.009049651212990284
-0.058641210198402405	-0.08224118500947952	-0.039357222616672516
-0.09774237871170044	-0.023243200033903122	-0.054624512791633606
0.08994486927986145	0.05396798998117447	0.026924608275294304
-0.06814071536064148	-0.08989597111940384	0.07405658811330795
-0.0011660869931802154	0.0676846131682396	-0.05989880487322807
-0.0016214224742725492	0.058966878801584244	0.027536367997527122
-0.07061310857534409	0.08085383474826813	-0.03395030274987221
0.003758748061954975	0.026550354436039925	0.022329263389110565
0.08204124867916107	0.032310254871845245	-0.018480878323316574
-0.07839501649141312	0.024825643748044968	-0.07623670250177383
0.02665557898581028	0.041103098541498184	-0.04532652720808983
0.026613129302859306	-0.08818841725587845	-0.07450734078884125
0.07301419228315353	-0.03187035024166107	-0.04737876355648041
-0.02033247798681259	0.003196713514626026	0.07792703062295914
-0.04641205444931984	-0.011938346549868584	0.04695799946784973
0.021328909322619438	-0.08379662036895752	-0.011286269873380661
-0.08257847279310226	0.08071041852235794	-0.08790699392557144
0.08892389386892319	-0.060717981308698654	-0.04377489909529686
-0.06044892966747284	0.03800235316157341	-0.08514520525932312
-0.08591300994157791	-0.0323820486664772	-0.07259466499090195
-0.05172319710254669	0.029705898836255074	0.038561392575502396
0.03770212084054947	0.08911646157503128	0.09819462895393372
-0.02977975271642208	0.015727587044239044	-0.011250496841967106
-0.0430150106549263	-0.058076415210962296	-0.03368799388408661
-0.08960407972335815	0.09100762009620667	-0.06748753041028976
-0.07091265916824341	-0.006283511873334646	-0.0011225675698369741
0.016915295273065567	0.017300812527537346	-0.020922180265188217
-0.08461647480726242	0.09183868020772934	0.08200939744710922
0.05469872057437897	-0.06024639308452606	0.057325612753629684
0.023850195109844208	0.08912798017263412	0.08101661503314972
0.014073540456593037	-0.0673971176147461	-0.0628332570195198
0.04719968140125275	-0.008900521323084831	-0.026468005031347275
-0.02099326252937317	-0.0030343953985720873	-0.009482010267674923
-0.009440954774618149	-0.02446124702692032	-0.08838210999965668
-0.028142333030700684	0.07031306624412537	0.09739081561565399
0.005693468730896711	-0.08812915533781052	0.0667262151837349
-0.09443521499633789	-0.07878466695547104	0.018166178837418556
-0.05456620082259178	0.018929965794086456	-0.03849279507994652
-0.025865446776151657	0.08919200301170349	-0.0847376212477684
0.006951381452381611	0.08871199935674667	-0.02383624203503132
-0.011235981248319149	-0.0928690955042839	-0.0543043315410614
0.018805986270308495	0.08089225739240646	-0.0815282091498375
0.07809742540121078	-0.03882502391934395	-0.01810326613485813
0.035353608429431915	0.050398893654346466	-0.07837144285440445
0.0793938934803009	0.07349619269371033	0.06680178642272949
-0.048904936760663986	0.059526875615119934	0.019368641078472137
-0.006136151496320963	0.013038952834904194	-0.006755562499165535
-0.0024035393726080656	0.04668145254254341	-0.09266448020935059
-0.05061293765902519	0.029335133731365204	-0.016266345977783203
-0.08791059255599976	0.00031847733771428466	0.010850160382688046
0.03917955607175827	-0.05707887187600136	0.0015790453180670738
0.035856835544109344	-0.020084116607904434	-0.01231830008327961
0.037511687725782394	0.01861678622663021	0.07246223092079163
0.08299541473388672	0.026708312332630157	0.015483555383980274
-0.014919903129339218	0.06666010618209839	0.08954866975545883
-0.08667578548192978	0.03880694881081581	-0.07608413696289062
-0.010632695630192757	0.06894974410533905	0.08659108728170395
0.009970082901418209	-0.07149685174226761	0.012744615785777569
-0.0376550555229187	0.0036109474021941423	-0.024565501138567924
0.07322361320257187	0.09258964657783508	0.03831860423088074
-0.08305033296346664	-0.09625327587127686	0.038691408932209015
0.0679851546883583	0.01770421862602234	0.057420022785663605
0.019535627216100693	0.03979567810893059	0.05589725077152252
0.06506939232349396	0.031159117817878723	-0.02704768069088459
0.005522321444004774	0.051182180643081665	-0.07893618941307068
0.08410432189702988	-0.09381498396396637	0.07574447244405746
-0.011575737968087196	0.057976752519607544	-0.027444597333669662
-0.05769948288798332	0.0676850974559784	0.021426323801279068
0.07823814451694489	0.039665114134550095	0.0880759209394455
0.07720897346735	0.06007130816578865	-0.0023099167738109827
0.07666777074337006	-0.030018208548426628	-0.010835466906428337
-0.04416577145457268	-0.0837089791893959	0.05700698867440224
0.05728005990386009	0.03334670886397362	0.08594189584255219
-0.04802800342440605	0.07380913197994232	0.018428508192300797
-0.06679811328649521	0.08154448866844177	-0.01183188147842884
-0.024030564352869987	-0.05242021009325981	0.05644071102142334
-0.028995387256145477	0.08206114917993546	-0.005163960624486208
-0.03955021873116493	-0.04542826488614082	0.027288764715194702
-0.0227353498339653	-0.041085004806518555	0.07868299633264542
-0.0198279470205307	-0.038481444120407104	-0.0002727756800595671
0.05349074304103851	0.05304418131709099	-0.08754470944404602
-0.08380792289972305	-0.08482232689857483	-0.0004688671906478703
-0.055881667882204056	0.03730311617255211	-0.035532671958208084
-0.07684481889009476	0.045102979987859726	-0.03763257712125778
0.03847520798444748	-0.08622896671295166	0.009974440559744835
-0.012348354794085026	0.0718991830945015	-0.057992689311504364
-0.04846787825226784	-0.07702703773975372	0.08873497694730759
-0.035522863268852234	0.026562858372926712	0.06237480044364929
-0.06854403764009476	-0.022726496681571007	-0.06124233081936836
0.0854313001036644	0.0804545059800148	0.0193558931350708
-0.09523580223321915	-0.07046636193990707	0.07167624682188034
0.05153438076376915	0.08877460658550262	-0.06306334584951401
-0.04291779175400734	0.0018987454241141677	0.030522914603352547
-0.09749571233987808	0.07774829864501953	0.01912214420735836
0.025385309010744095	0.014481326565146446	-0.010822839103639126
-0.07392893731594086	-0.09299411624670029	-0.07013026624917984
-0.04415789991617203	0.06982408463954926	-0.08417223393917084
0.005071560852229595	-0.009423364885151386	-0.02598716877400875
0.08110824227333069	-0.028496064245700836	-0.004128892440348864
0.005166348069906235	0.04510410875082016	-0.006341514177620411
-0.07999757677316666	-0.07652163505554199	-0.015593902207911015
0.013605805113911629	0.0027949644718319178	0.04303738474845886
0.07944230735301971	-0.08848675340414047	-0.07061819732189178
0.010486981831490993	0.04766780883073807	-0.036550372838974
-0.02254343405365944	0.045715246349573135	-0.009077463299036026
-0.08453739434480667	-0.024479875341057777	-0.03704262524843216
-0.07428091019392014	0.03497777134180069	0.005660991184413433
-0.056418273597955704	0.021580908447504044	-0.01920986734330654
-0.04288601130247116	-0.06804871559143066	-0.02813231386244297
0.08356279134750366	0.0336858332157135	-0.0537576861679554
-0.04356374591588974	-0.06959898769855499	-0.06045600399374962
0.09814842790365219	0.09277389198541641	0.022694343701004982
0.008657892234623432	-0.03590967878699303	-0.012704082764685154
-0.04970449581742287	-0.05364222824573517	0.008127999491989613
0.093947634100914	-0.05844444781541824	0.0008479966199956834
0.06923654675483704	-0.0703832283616066	0.020678607746958733
0.09977143257856369	0.07117746770381927	0.040366675704717636
-0.09848431497812271	-0.06257886439561844	0.04746590554714203
0.0980231761932373	-0.09235436469316483	-0.029987314715981483
-0.06761065125465393	-0.07651930302381516	-0.047445837408304214
-0.034334324300289154	-0.028659047558903694	-0.020548922941088676
-0.048930514603853226	-0.03084937483072281	0.07565142959356308
0.03055819310247898	0.0638648122549057	-0.013820525258779526
0.07107175141572952	0.0026899974327534437	-0.07063539326190948
-0.05767853185534477	-0.05675938352942467	-0.04301853105425835
-0.07311300188302994	-0.0053202626295387745	-0.026747751981019974
0.09987985342741013	-0.046044982969760895	-0.0702485740184784
-0.01168446708470583	0.023331718519330025	-0.05173550546169281
-0.076754130423069	-0.0996021032333374	0.04727351292967796
0.08702682703733444	0.04292650893330574	-0.0686008408665657
-0.08317829668521881	0.04237552732229233	-0.05026119202375412
-0.0634746178984642	-0.07997061312198639	0.09239255636930466
0.07223665714263916	0.0795556902885437	0.05770490691065788
-0.08317575603723526	-0.009338748641312122	-0.04333110153675079
0.000842178356833756	0.08392804116010666	-0.04025899991393089
0.05012189596891403	0.022364739328622818	-0.04354505613446236
0.09992087632417679	-0.049423735588788986	0.0667913556098938
-0.010145241394639015	-0.03338686749339104	-0.0746905580163002
-0.024452244862914085	0.025506427511572838	-0.006106878165155649
0.06361435353755951	0.03872542828321457	-0.007091196719557047
0.07797093689441681	0.09684029221534729	-0.09051042050123215
0.07430372387170792	0.008989425376057625	-0.061562687158584595
-0.05728468298912048	0.05852753669023514	0.05350833013653755
-0.0864027887582779	-0.016367392614483833	-0.03132152929902077
-0.006679085548967123	0.053026482462882996	0.059420693665742874
-0.038491230458021164	-0.02439418062567711	0.08676575869321823
0.024985838681459427	0.07765897363424301	-0.05373365432024002
-0.01821686513721943	-0.04148050770163536	0.03603149577975273
0.0844692513346672	0.06495731323957443	0.03329285979270935
0.09644916653633118	0.012041252106428146	-0.00402497686445713
0.018942318856716156	-0.09948286414146423	-0.003556717187166214
-0.05907568335533142	-0.06011369451880455	0.05430665984749794
0.08521819114685059	0.07271722704172134	0.05413932353258133
-0.09352679550647736	0.026913801208138466	-0.07563209533691406
-0.04018421843647957	0.04769059270620346	-0.04993404820561409
-0.029060304164886475	-0.04389726370573044	0.0806264877319336
-0.01058702077716589	0.006614706479012966	0.04032884165644646
-0.0888601616024971	0.08893134444952011	-0.07976606488227844
-0.06625954806804657	0.07615876197814941	-0.024428777396678925
0.013005507178604603	0.02576797641813755	0.025268735364079475
-0.07762574404478073	-0.07147718966007233	0.008812366984784603
0.09649728238582611	-0.05079865828156471	0.03798402100801468
0.04915405437350273	-0.03301679342985153	0.012934221886098385
0.03482349216938019	0.025141043588519096	0.08571086823940277
0.07559451460838318	-0.03383305296301842	-0.05356409773230553
0.0009999992325901985	-0.07922154664993286	-0.02409559115767479
-0.046758152544498444	-0.039608415216207504	0.027017923071980476
0.052320003509521484	-0.01266147755086422	-0.09829441457986832
0.022897399961948395	0.03018854185938835	0.015338108874857426
0.04190223291516304	0.00344890751875937	-0.09730799496173859
0.0037998445332050323	-0.05493765324354172	0.08280754834413528
-0.03871592879295349	0.07212250679731369	0.07495084404945374
0.021834643557667732	0.059917811304330826	-0.016610130667686462
-0.07350311428308487	-0.05182690918445587	0.01674049161374569
-0.04195702075958252	0.0966942310333252	0.07955744117498398
0.06156262010335922	0.013363199308514595	0.025674311444163322
-0.02496163360774517	-0.08716343343257904	0.06749455630779266
0.0341452918946743	-0.010742268525063992	-0.05954515561461449
0.03549457713961601	-0.04910769313573837	-0.059361591935157776
-0.07341156899929047	0.04600840061903	-0.022768110036849976
-0.039922021329402924	-0.018075743690133095	0.06215569004416466
0.008244125172495842	-0.09717458486557007	-0.015322927385568619
0.03173277899622917	-0.05759882554411888	0.06376392394304276
-0.09823566675186157	-0.09377261251211166	0.0011388026177883148
0.05472995713353157	0.02750285342335701	0.009149710647761822
-0.08524317294359207	0.09393436461687088	-0.03749847784638405
-0.06279022991657257	-0.059635888785123825	-0.07015176862478256
-0.07915907353162766	-0.08928348124027252	0.004219796974211931
0.020512841641902924	-0.08996324986219406	0.004446809180080891
0.005380811635404825	0.07373922318220139	-0.05299036577343941
-0.057408664375543594	-0.07552382349967957	0.08622060716152191
-0.023552358150482178	0.008932900615036488	0.00038246807525865734
-0.08160267770290375	0.006317857187241316	0.027465714141726494
-0.09855489432811737	0.09301342815160751	0.06496015936136246
-0.02931840531527996	0.0796324610710144	-0.09747590869665146
-0.09447676688432693	0.006191283464431763	-0.07701174169778824
0.025907952338457108	-0.06378887593746185	0.0069437213242053986
-0.044183723628520966	-0.034732673317193985	-0.06301436573266983
0.028253711760044098	-0.02336861565709114	0.003776045748963952
-0.04880368337035179	0.07324062287807465	-0.08865194767713547
0.022191276773810387	0.010336661711335182	-0.01647639460861683
-0.018195167183876038	-0.0006279308581724763	-0.09815646708011627
0.06405811011791229	0.009909373708069324	0.08998499810695648
0.07374534010887146	0.0766080915927887	0.07067620754241943
0.0236966609954834	0.0495830737054348	-0.06789351999759674
-0.09604255110025406	-0.08884398639202118	-0.09986917674541473
0.08850470185279846	0.034215524792671204	0.06985677778720856
0.031443364918231964	0.002925272099673748	-0.0595192089676857
0.015599127858877182	0.05926721915602684	-0.02836514636874199
0.03017187863588333	0.02105800062417984	0.07980344444513321
0.03095194324851036	-0.08672075718641281	-0.08847521245479584
-0.08458413928747177	-0.05610561743378639	-0.046572841703891754
0.05037311092019081	0.004344908986240625	-0.025351842865347862
-0.0250073429197073	-0.07526732981204987	0.09550023823976517
0.07364106178283691	0.0845864936709404	0.0543106384575367
-0.010229728184640408	0.0474189855158329	0.09225856512784958
-0.03461148589849472	-0.07552008330821991	0.09336834400892258
0.05253148451447487	-0.06511277705430984	-0.04962688684463501
0.06738506257534027	-0.0384506955742836	-0.06757509708404541
-0.0781191736459732	0.0543476901948452	0.06055482476949692
-0.057656336575746536	-0.00405900226905942	-0.05585110932588577
-0.0866713896393776	-0.005392881575971842	-0.015856094658374786
0.04932047799229622	0.03390940651297569	-0.002994725713506341
0.003107331693172455	0.070261150598526	-0.013524917885661125
-0.024323781952261925	-0.047322969883680344	-0.019270436838269234
-0.0686647966504097	-0.010800499469041824	-0.08569271117448807
-0.05957379937171936	0.06140061840415001	-0.058460719883441925
0.020214306190609932	0.055544257164001465	-0.08460389077663422
-0.0726577490568161	0.08188212662935257	-0.0469394214451313
-0.08959940820932388	-0.0864548534154892	0.07205633074045181
0.09866470843553543	0.0904509425163269	0.09668462723493576
0.01607738621532917	-0.09848067909479141	-0.05889920890331268
0.08905675262212753	0.058471210300922394	-0.055612705647945404
0.043835025280714035	-0.04034346342086792	-0.001661171205341816
0.03147546947002411	-0.04171164706349373	0.042002346366643906
0.08029741048812866	-0.0508948490023613	0.008126330561935902
0.07336647063493729	-0.09543980658054352	0.004171376116573811
0.02905469946563244	0.09219817072153091	0.018791956827044487
0.061318106949329376	-0.09963370859622955	0.0996144488453865
-0.026149524375796318	-0.09459320455789566	-0.05706014111638069
-0.032283294945955276	-0.05782582238316536	0.0726735070347786
-0.027979230508208275	0.09928235411643982	-0.04859590157866478
0.036633703857660294	-0.024677664041519165	-0.08787998557090759
-0.08875156939029694	-0.01787158101797104	-0.02238493226468563
-0.007188001647591591	-0.01190055999904871	-0.042436979711055756
0.02234051190316677	-0.01658571884036064	0.0777142122387886
0.0912289097905159	0.02019250951707363	0.07390677183866501
-0.06774909049272537	-0.04734262079000473	-0.03940771147608757
-0.03050117939710617	-0.06076013296842575	-0.06760135293006897
-0.09065629541873932	-0.06446800380945206	-0.09861022233963013
0.09672284871339798	0.03218555450439453	-0.06699445843696594
-0.08033217489719391	-0.015618561767041683	-0.04414702206850052
0.06429650634527206	-0.04181114211678505	0.056077685207128525
-0.030151814222335815	-0.009919365867972374	-0.0671931654214859
0.03781576827168465	-0.023652754724025726	0.094835065305233
0.03630121424794197	0.05154961347579956	-0.034438759088516235
-0.0035864703822880983	0.06622423976659775	0.04218340292572975
0.09331502765417099	0.06814734637737274	-0.01986522413790226
-0.014700965024530888	-0.029279151931405067	-0.09601423889398575
-0.048510029911994934	0.06103398650884628	0.06776069104671478
0.01580706238746643	-0.005278728902339935	0.011728069745004177
-0.06600139290094376	0.05452475696802139	0.023602616041898727
0.011673723347485065	0.06533543020486832	0.029271269217133522
0.09769344329833984	-0.07038912922143936	-0.07056079804897308
-0.038807403296232224	-0.08198671787977219	0.06760361790657043
0.03182794898748398	0.06392041593790054	-0.012534257024526596
-0.09833279997110367	0.048281870782375336	0.02218261919915676
0.058278076350688934	0.08707889914512634	0.02058570086956024
0.015441917814314365	-0.06834468990564346	-0.008436421863734722
-0.05786588415503502	0.06988525390625	-0.06455338001251221
-0.06679044663906097	-0.06137537956237793	-0.0720154345035553
0.06254918873310089	-0.015515063889324665	0.05991431698203087
0.06671081483364105	-0.08712726086378098	0.0722198635339737
0.08668774366378784	-0.016959303990006447	0.09583854675292969
-0.08363071084022522	-0.009408986195921898	0.03768051415681839
0.03753719851374626	-0.06905615329742432	0.020948784425854683
-0.028218258172273636	0.015435229055583477	-0.08215577900409698
0.06547658890485764	-0.039860181510448456	-0.06830679625272751
-0.05251080542802811	-0.059887733310461044	0.056956250220537186
-0.042018864303827286	0.04557641223073006	-0.06635534763336182
-0.07614041119813919	-0.09836199134588242	0.019258756190538406
0.03911755979061127	0.016324857249855995	-0.0887613520026207
-0.024987708777189255	-0.06011822447180748	-0.04398249089717865
-0.041508328169584274	0.054584089666604996	0.08518730103969574
0.07191719859838486	0.07363530248403549	-0.056034620851278305
0.05767369642853737	-0.08510145545005798	-0.09810489416122437
0.09447084367275238	0.0007246152381412685	-0.023883717134594917
-0.0012296182103455067	-0.048776350915431976	-0.04029371961951256
-0.040833480656147	0.044742729514837265	0.08317895978689194
0.08093218505382538	-0.06933613121509552	-0.0823899433016777
-0.057122133672237396	0.03134145587682724	-0.031302839517593384
0.025558024644851685	0.048833444714546204	-0.08130046725273132
0.040046326816082	0.011598698794841766	0.021855805069208145
0.01501007191836834	0.08108244091272354	0.07059533149003983
-0.04388725757598877	0.05587504059076309	-0.07443907856941223
0.029442356899380684	0.038262058049440384	-0.07951146364212036
-0.017804697155952454	-0.009423923678696156	-0.07230118662118912
0.015028847381472588	-0.07056151330471039	-0.0964883491396904
-0.059157151728868484	0.06375879049301147	0.06824057549238205
-0.029436025768518448	-0.05056461691856384	0.010492287576198578
-0.09380140900611877	-0.07746633887290955	0.03049989603459835
-0.004675061441957951	0.05948631465435028	-0.06653889268636703
0.011019309982657433	-0.037783339619636536	0.06422420591115952
0.009179727174341679	0.005189139395952225	-0.039322465658187866
0.03165315464138985	0.01634635031223297	-0.02842138521373272
-0.00732064014300704	-0.06641724705696106	-0.08678923547267914
0.06673622876405716	0.06210506334900856	0.09826967120170593
0.04638555273413658	0.04517083615064621	-0.09341543167829514
0.00877873320132494	-0.0014463863335549831	-0.040256522595882416
0.00898005161434412	0.06088748201727867	0.036296941339969635
-0.004009144380688667	0.04196993261575699	0.054513704031705856
-0.05988176912069321	-0.004750085063278675	0.025983020663261414
-0.01586381532251835	-0.06583933532238007	0.06334937363862991
0.08732499927282333	-0.003785041393712163	-0.09865455329418182
0.042505960911512375	0.08372055739164352	0.030807508155703545
-0.06742145866155624	0.005513591226190329	-0.06576473265886307
0.009076659567654133	0.00756616797298193	-0.034728340804576874
0.0032131164334714413	0.03594624996185303	0.024460315704345703
0.029582297429442406	-0.024695418775081635	-0.030313290655612946
0.09120768308639526	-0.07109534740447998	0.06004878506064415
-0.08819227665662766	0.022036390379071236	-0.002864812733605504
-0.03782346099615097	0.04873635247349739	-0.030759001150727272
0.05765015631914139	-0.023229969665408134	0.05028635263442993
-0.023260854184627533	0.034811194986104965	0.05337204784154892
0.044962264597415924	0.027427874505519867	0.09240031987428665
0.08065536618232727	0.024436095729470253	-0.004007374402135611
0.053727127611637115	0.05600535124540329	-0.04585311934351921
0.03653458133339882	-0.06618313491344452	-0.0823911726474762
-0.034854769706726074	-0.052508432418107986	-0.03419160842895508
0.044097546488046646	0.06832600384950638	0.007237183395773172
0.03381994366645813	-0.0851525068283081	0.046535756438970566
-0.0075343577191233635	0.07643961906433105	0.0530381053686142
0.0845927745103836	-0.036538925021886826	-0.08897745609283447
-0.07852521538734436	0.09563044458627701	-0.06703811138868332
-0.0012550565879791975	0.06989540159702301	0.07625126838684082
0.04412243887782097	-0.0005920709809288383	-0.03234149143099785
0.014888602308928967	0.04340710490942001	0.04606689140200615
5.694887638092041	13.506345748901367	19.00823211669922
-29.307146072387695	-27.000099182128906	-32.273956298828125
25.422710418701172	-3.9174716472625732	-32.32366943359375
6.127466201782227	29.019031524658203	-15.214152336120605
33.803184509277344	9.487464904785156	-14.041464805603027
26.01728630065918	-31.247215270996094	-20.405717849731445
-18.66212272644043	-2.9883289337158203	-6.991122722625732
-26.451143264770508	-13.802048683166504	-33.26008605957031
28.400327682495117	-16.823787689208984	-35.12007522583008
-19.90188217163086	36.89898681640625	-16.84214973449707
-0.5986791253089905	-8.45761775970459	-35.883888244628906
-18.488658905029297	-33.600189208984375	-39.25309753417969
-22.13077735900879	-38.911216735839844	35.445865631103516
37.62176513671875	-32.65773391723633	23.09417152404785
-22.896766662597656	1.8087658882141113	-2.1156160831451416
-24.59579849243164	-36.022274017333984	-24.676490783691406
-27.79110336303711	-5.8025689125061035	14.958449363708496
22.555269241333008	-17.57761001586914	-3.4419448375701904
-12.126250267028809	-33.7907600402832	37.59584045410156
-7.734714984893799	-8.457864761352539	-26.709856033325195
-17.100934982299805	38.94908905029297	12.678804397583008
23.38107681274414	-23.35891342163086	16.01721954345703
20.388259887695312	-14.705998420715332	0.04321254789829254
39.85643005371094	0.2574508786201477	-36.0510139465332
-31.894750595092773	-17.189634323120117	-34.4698371887207
-3.4665863513946533	-33.4633903503418	-36.774356842041016
33.4843635559082	7.378742694854736	-6.111039638519287
17.6474552154541	-26.298721313476562	-10.896829605102539
-7.684223175048828	-37.26664352416992	24.768436431884766
-7.242691516876221	-8.974724769592285	-23.80951499938965
-3.1865830421447754	38.66109848022461	22.96640968322754
-23.538402557373047	23.04311752319336	-38.227149963378906
26.87936019897461	22.86888885498047	-3.3185136318206787
-29.403804779052734	39.87749481201172	-10.884834289550781
-29.961109161376953	-0.3893257677555084	-20.25058937072754
19.323945999145508	38.01299285888672	7.163644790649414
21.973480224609375	2.270383834838867	-4.986142635345459
-28.371536254882812	32.71513748168945	39.41144561767578
33.32038879394531	-7.601500034332275	36.02976989746094
-36.40129089355469	-0.7610353827476501	-39.70021057128906
5.131764888763428	-2.2893216609954834	-30.5399112701416
31.115346908569336	28.48943328857422	27.374271392822266
-5.020777225494385	8.998852729797363	-20.763933181762695
-9.284985542297363	21.51863670349121	-12.080268859863281
18.262929916381836	22.235183715820312	-1.9472488164901733
25.54646873474121	25.25732421875	26.720977783203125
-26.972625732421875	18.9891414642334	-5.410572528839111
-4.617806434631348	-30.081392288208008	-1.9119293689727783
-27.07024383544922	-11.999722480773926	16.404462814331055
28.99106788635254	19.65200424194336	36.966644287109375
-19.75460433959961	19.21820068359375	13.679130554199219
35.7315673828125	35.40129470825195	-15.950719833374023
-23.679439544677734	38.971134185791016	-5.566346168518066
24.453357696533203	25.623218536376953	-21.598491668701172
36.86164474487305	9.574360847473145	-31.449819564819336
5.3315582275390625	-10.19660758972168	-23.552200317382812
-29.984058380126953	-8.321695327758789	36.51642990112305
19.876205444335938	-39.429622650146484	13.618510246276855
-10.778647422790527	-30.75019073486328	38.12639236450195
-24.071535110473633	39.56744384765625	-37.81144714355469
8.115427017211914	-15.133277893066406	2.1893491744995117
13.370009422302246	34.55556869506836	-20.173343658447266
-22.24308204650879	28.158817291259766	-2.730769395828247
22.593006134033203	8.02837085723877	-16.37493133544922
24.20754051208496	37.84632110595703	24.502832412719727
25.424718856811523	31.236007690429688	15.717803955078125
-39.797908782958984	-23.274988174438477	-37.840049743652344
-12.085237503051758	7.858937740325928	-9.795914649963379
35.394657135009766	-22.55898666381836	-29.45049476623535
-0.06829718500375748	-39.474124908447266	9.366432189941406
-2.9730145931243896	-21.980924606323242	-15.158760070800781
-2.2249133586883545	-24.928462982177734	-27.60051918029785
-26.236082077026367	25.716140747070312	30.172962188720703
10.469664573669434	-10.572159767150879	-21.07476234436035
-30.361858367919922	-9.67885684967041	-34.249046325683594
28.462326049804688	-33.21098327636719	23.456422805786133
16.236892700195312	9.205838203430176	17.740324020385742
-27.40282440185547	12.142086029052734	-10.041338920593262
16.944568634033203	14.806906700134277	9.913944244384766
31.67711639404297	-1.9553146362304688	38.970672607421875
1.0706828832626343	8.950675010681152	-9.728527069091797
10.93702220916748	-32.920753479003906	-12.805855751037598
-1.3392059803009033	-33.06012725830078	-13.8453950881958
-18.928552627563477	4.845393657684326	-9.865497589111328
-1.0818705558776855	-33.74081802368164	-28.557086944580078
-17.19183921813965	28.26786994934082	-32.03477478027344
4.179288864135742	-7.6432204246521	-25.942535400390625
25.137178421020508	23.494571685791016	24.823518753051758
17.202138900756836	19.639476776123047	-23.50571060180664
35.365875244140625	32.63962173461914	-7.775270938873291
-35.672794342041016	2.1161019802093506	-12.34617805480957
-38.181453704833984	-35.98794174194336	-31.477371215820312
24.856103897094727	-10.781306266784668	-6.1603851318359375
-7.746870517730713	17.72747802734375	-25.71479034423828
-27.12754249572754	-17.826526641845703	-35.59388732910156
2.2585268020629883	-23.680377960205078	8.387105941772461
-3.663332223892212	-24.604475021362305	37.41795349121094
-36.90069580078125	30.470003128051758	26.471330642700195
32.107688903808594	10.121728897094727	12.36944580078125
2.549799680709839	17.01579475402832	0.1355573832988739
-13.945252418518066	-8.304058074951172	-1.4196574687957764
33.138858795166016	38.67053985595703	6.239998817443848
37.930789947509766	6.038102626800537	-21.736431121826172
-27.271625518798828	30.35299301147461	-28.32298469543457
0.504558801651001	23.527257919311523	-28.32196044921875
17.789735794067383	-31.379220962524414	3.077975034713745
14.489667892456055	-28.197254180908203	5.111694812774658
-32.214962005615234	-21.89776611328125	31.360538482666016
19.14918327331543	-22.131227493286133	37.17435073852539
-31.526418685913086	-31.127832412719727	-31.112415313720703
-10.00718879699707	21.23155975341797	6.143424034118652
20.189363479614258	39.935325622558594	12.954973220825195
26.84954833984375	0.9499773383140564	9.801105499267578
-37.00193786621094	8.975508689880371	-0.4408037066459656
-19.622159957885742	-2.747404098510742	17.489450454711914
39.756561279296875	28.483346939086914	26.5892333984375
-4.672355651855469	-39.99344253540039	37.27762222290039
37.0820426940918	-28.05975914001465	6.835390090942383
25.63902473449707	-13.040602684020996	-2.1995630264282227
-27.166601181030273	-10.942272186279297	0.5691646933555603
-22.121034622192383	16.855098724365234	-3.001884698867798
30.478134155273438	14.299707412719727	-3.060741662979126
-7.969557762145996	28.346574783325195	18.079925537109375
-22.973663330078125	-17.978988647460938	-23.859180450439453
1.7165594100952148	-27.619855880737305	5.544521331787109
26.191234588623047	34.386314392089844	-8.412705421447754
-9.896842002868652	26.608461380004883	-12.122321128845215
-38.78416061401367	3.7919445037841797	14.506463050842285
-15.749228477478027	21.740564346313477	1.337475299835205
-38.689517974853516	-13.984399795532227	-1.6320668458938599
-39.3700065612793	23.441280364990234	30.303855895996094
9.5198974609375	-16.57728385925293	38.0275764465332
18.941362380981445	-11.718999862670898	6.0652618408203125
17.760761260986328	33.62885284423828	34.88525390625
-28.026256561279297	11.037219047546387	16.288734436035156
34.586326599121094	9.881436347961426	-8.880308151245117
-11.117039680480957	31.496152877807617	26.666170120239258
-30.381372451782227	-8.309657096862793	-29.356796264648438
8.824821472167969	-3.7266457080841064	-31.672321319580078
5.408304214477539	-0.3698749244213104	-37.44150161743164
16.082475662231445	-36.10883331298828	37.851654052734375
27.91046142578125	-10.680130004882812	-13.31147575378418
-1.1531301736831665	5.761022567749023	-18.22931480407715
-16.445356369018555	-12.295697212219238	-38.87858200073242
26.516477584838867	35.18896484375	37.8336181640625
18.31473731994629	-18.39652442932129	28.477615356445312
-20.878814697265625	28.70165252685547	-35.141056060791016
-37.649044036865234	-34.79447937011719	-18.049388885498047
19.2451114654541	33.97026824951172	18.860013961791992
-32.866634368896484	-31.416332244873047	4.471852779388428
-4.073574542999268	-17.297014236450195	26.12705421447754
36.16435623168945	-7.590109348297119	-14.706808090209961
-7.0108723640441895	-20.575010299682617	-23.803205490112305
-32.143348693847656	19.71429443359375	23.25325584411621
-15.76319694519043	-16.70851707458496	-16.237295150756836
-3.3386120796203613	8.883148193359375	30.54374885559082
-11.50174331665039	-9.600881576538086	-38.88689422607422
-11.863430976867676	33.21376037597656	-20.212892532348633
-6.002828598022461	26.73137664794922	19.749805450439453
-29.645334243774414	-10.025458335876465	-17.21201515197754
32.39289474487305	-10.894911766052246	12.572371482849121
3.526362895965576	-1.949333906173706	-3.0912652015686035
31.750967025756836	24.87067985534668	37.158756256103516
-4.255678653717041	-34.465614318847656	-10.507688522338867
-18.941593170166016	34.724082946777344	5.463569641113281
-7.021843433380127	-0.5205937623977661	15.844986915588379
-2.2370963096618652	-23.33163833618164	-7.967241287231445
11.765947341918945	-33.00764465332031	11.10654354095459
5.666316032409668	-6.7801337242126465	5.267790794372559
-24.927473068237305	4.461267948150635	-19.54179573059082
8.851737022399902	-17.517122268676758	36.88074493408203
8.935396194458008	-12.923628807067871	-13.293458938598633
33.34476089477539	37.72479248046875	37.995567321777344
27.455678939819336	-5.268120288848877	-11.303167343139648
22.973236083984375	14.134900093078613	30.889978408813477
16.801490783691406	32.81745529174805	5.431002140045166
39.794349670410156	11.185956001281738	-11.032427787780762
11.382830619812012	-35.4257698059082	-7.306906700134277
-29.156091690063477	17.02925682067871	21.76117706298828
16.81635856628418	22.4108829498291	-28.705568313598633
-35.99618148803711	38.1766242980957	-5.698791027069092
3.2907211780548096	27.564016342163086	-22.476715087890625
-31.460098266601562	20.957609176635742	38.71674346923828
-27.887685775756836	-31.606454849243164	-7.427000522613525
29.749162673950195	-12.498224258422852	5.040708065032959
19.416404724121094	15.520220756530762	16.381595611572266
35.84823989868164	32.75886917114258	-39.76939392089844
-13.278956413269043	-19.103696823120117	31.112897872924805
35.437225341796875	11.753753662109375	39.33949661254883
-12.219861030578613	13.056493759155273	-8.17525863647461
37.05039978027344	28.93901252746582	24.749366760253906
16.653778076171875	13.20981502532959	24.92848777770996
8.232392311096191	20.115354537963867	-28.51306915283203
8.28442096710205	-17.366653442382812	-17.250812530517578
-7.0902557373046875	-28.184650421142578	13.336109161376953
30.341270446777344	28.971155166625977	-30.02582359313965
-39.521881103515625	11.828585624694824	-31.344497680664062
-26.192607879638672	-1.8180122375488281	11.186128616333008
-36.72993087768555	18.357851028442383	-34.855777740478516
8.068723678588867	-35.435340881347656	-24.315881729125977
-39.38087844848633	32.65819549560547	9.764394760131836
7.605134010314941	28.399112701416016	-30.949264526367188
-22.284116744995117	18.236587524414062	-22.294078826904297
25.40007781982422	-10.579487800598145	-26.855579376220703
-39.511234283447266	4.792085647583008	-33.36375427246094
23.069299697875977	10.369827270507812	8.657373428344727
37.51637268066406	9.820563316345215	10.671321868896484
35.49491882324219	-23.734895706176758	-12.987640380859375
37.641963958740234	15.510597229003906	-2.7639153003692627
16.94321060180664	-36.744319915771484	-4.037919521331787
-36.171165466308594	-37.3288459777832	-30.02484893798828
-5.295773506164551	13.209430694580078	30.511337280273438
-19.823890686035156	26.66064453125	31.203460693359375
7.265867710113525	-36.762672424316406	-26.612096786499023
7.570329189300537	21.26894760131836	-39.82652282714844
-1.2466888427734375	37.376869201660156	38.010414123535156
15.50472354888916	-8.506362915039062	38.66813659667969
-8.533626556396484	-7.852989673614502	27.327768325805664
-10.44620132446289	-19.992578506469727	-30.373554229736328
36.966514587402344	-2.114581346511841	18.088836669921875
11.923162460327148	9.14739990234375	11.852590560913086
1.636669397354126	15.983757019042969	23.13344955444336
-7.048508644104004	-37.27222442626953	-6.56879997253418
21.181133270263672	18.708213806152344	-16.484180450439453
-12.85271167755127	18.64527130126953	-12.478251457214355
3.237510919570923	27.520511627197266	-4.572658061981201
30.741994857788086	-29.892183303833008	-34.535160064697266
-1.4947301149368286	13.71866512298584	-30.574365615844727
-23.573312759399414	-14.127385139465332	-8.287467956542969
36.38747787475586	-11.702592849731445	-27.497732162475586
17.791852951049805	36.38603591918945	-18.043949127197266
25.340669631958008	-15.588090896606445	-18.661075592041016
-19.59625244140625	15.989097595214844	39.96758270263672
-1.7652682065963745	31.838388442993164	9.089947700500488
-10.061508178710938	-20.363977432250977	-4.6558732986450195
-17.993011474609375	-18.302621841430664	35.26470184326172
37.149227142333984	-3.6500496864318848	18.274532318115234
-22.565500259399414	18.95865821838379	19.74455451965332
-29.25969886779785	-27.50773048400879	-18.25167465209961
35.04228591918945	-6.245944023132324	-17.00033950805664
3.0989112854003906	33.757869720458984	-30.258621215820312
16.690731048583984	-15.260870933532715	10.23552417755127
-17.382658004760742	34.34922409057617	-33.381038665771484
-28.54449462890625	-29.70600128173828	-11.582497596740723
-26.742992401123047	-8.513021469116211	13.7925386428833
10.35741901397705	15.691250801086426	36.65532302856445
1.7735567092895508	25.859716415405273	-1.6563812494277954
5.995452880859375	-17.548791885375977	34.695552825927734
-2.3817150592803955	-13.739224433898926	-15.379490852355957
12.723526000976562	-38.131187438964844	6.825384140014648
-28.09627914428711	-4.226994037628174	23.5167179107666
8.99689769744873	-35.68898391723633	-9.662680625915527
-34.55121612548828	-13.185410499572754	-5.733292102813721
9.504998207092285	-12.669151306152344	-34.54988098144531
-35.57270050048828	8.009182929992676	8.920792579650879
7.314371585845947	0.5759497284889221	25.56525993347168
-27.07337188720703	-23.595998764038086	8.065092086791992
10.435029983520508	7.696622371673584	-14.876782417297363
31.817121505737305	-38.29425811767578	-26.169395446777344
-36.376220703125	-29.526897430419922	32.24639129638672
-8.843008041381836	25.417770385742188	22.098289489746094
-5.084099769592285	27.614892959594727	3.568588972091675
31.741544723510742	14.9075345993042	-20.31646156311035
38.60992431640625	-0.6720089316368103	-31.098718643188477
-22.431882858276367	6.473944664001465	-5.408079147338867
39.57699203491211	21.014087677001953	2.3377177715301514
31.357606887817383	8.388148307800293	2.4101548194885254
-37.886898040771484	-26.011194229125977	39.11705017089844
1.3331317901611328	-13.186976432800293	16.461585998535156
10.829558372497559	37.86387252807617	-8.656842231750488
26.129230499267578	29.923721313476562	11.364051818847656
-19.246057510375977	8.688163757324219	14.0579833984375
35.76190185546875	-24.64420509338379	-37.85349655151367
-35.750999450683594	0.8895323872566223	15.16975212097168
-33.11403274536133	16.127967834472656	-14.849297523498535
-16.281211853027344	-4.767629146575928	-28.266551971435547
28.47144317626953	35.95370864868164	-13.271644592285156
-36.70142364501953	21.245534896850586	33.53684997558594
3.8936777114868164	-10.884305000305176	27.267942428588867
14.659656524658203	38.09478759765625	-39.327266693115234
29.246671676635742	-28.947067260742188	33.3902702331543
15.38706111907959	-19.993709564208984	-1.7717411518096924
-17.186269760131836	-1.3507781028747559	14.209911346435547
6.782521724700928	1.1126208305358887	-21.948728561401367
15.20537281036377	-27.86012077331543	-27.351327896118164
19.638263702392578	7.834620475769043	16.318031311035156
-11.192891120910645	-15.707019805908203	-33.42241287231445
-1.3491320610046387	32.41844177246094	9.929728507995605
18.122173309326172	22.773427963256836	-8.27995777130127
25.441356658935547	-23.919143676757812	27.7329158782959
1.5982582569122314	37.572391510009766	1.962714672088623
-1.893683910369873	8.847965240478516	3.6209654808044434
2.8551042079925537	10.191205024719238	-34.72906494140625
21.228370666503906	27.626176834106445	29.808019638061523
6.634639739990234	-2.218968391418457	19.491992950439453
33.65879821777344	-22.425275802612305	1.6609200239181519
-26.657384872436523	-6.531520366668701	-23.300437927246094
36.55890655517578	9.561470985412598	25.510412216186523
31.3759708404541	11.434856414794922	-11.19800853729248
-21.699443817138672	-30.070323944091797	-8.264589309692383
14.691200256347656	-22.661237716674805	-20.73769187927246
4.491469860076904	38.18085479736328	-31.863895416259766
-17.55183219909668	-32.934085845947266	-15.642935752868652
-30.06028938293457	-13.163267135620117	21.184642791748047
-39.117130279541016	-32.873355865478516	-20.00252342224121
39.812110900878906	26.681013107299805	-1.7247035503387451
39.06170654296875	-5.545218467712402	22.210453033447266
7.6050543785095215	1.0909518003463745	-39.55488204956055
-2.4769628047943115	-29.74151611328125	-3.9552600383758545
15.381061553955078	24.53071403503418	-14.097062110900879
7.510008335113525	-12.240585327148438	5.399250507354736
-1.1451239585876465	-34.80471420288086	-29.274015426635742
38.206729888916016	-29.934537887573242	22.50495719909668
-16.452768325805664	34.896514892578125	26.26763153076172
-6.686384201049805	-17.516754150390625	38.60988998413086
-22.041990280151367	-9.460224151611328	-13.762904167175293
-28.372854232788086	-26.016845703125	37.401123046875
21.699172973632812	29.430021286010742	30.814611434936523
-29.59980010986328	-18.808757781982422	-2.6910712718963623
-17.367563247680664	-6.935207843780518	-27.21487045288086
34.28706359863281	-31.17474365234375	18.53363609313965
-25.35646629333496	-12.939959526062012	13.20670223236084
-35.18643569946289	6.738636016845703	5.65313196182251
37.73904800415039	-33.09735107421875	39.53290939331055
5.433682441711426	-12.8014497756958	29.30002212524414
-6.792542934417725	-18.26248550415039	-11.758834838867188
12.70203971862793	20.745004653930664	39.9727783203125
20.287700653076172	10.771486282348633	10.977275848388672
-35.71848678588867	10.692734718322754	-28.262853622436523
27.01272201538086	20.133441925048828	-19.46185302734375
-27.928220748901367	-8.347969055175781	-11.862277030944824
-11.434311866760254	21.547286987304688	-17.5063419342041
-23.21441650390625	0.14239077270030975	22.02667236328125
-21.637678146362305	-39.02891540527344	-33.53652572631836
0.24110832810401917	29.940752029418945	-38.84313201904297
-39.38676834106445	38.39396286010742	0.22640249133110046
-39.34980773925781	-19.328166961669922	11.300561904907227
-37.774837493896484	13.533103942871094	7.760699272155762
-12.777976989746094	34.24522399902344	12.38379955291748
35.08623504638672	12.559749603271484	-26.243301391601562
-29.783395767211914	-17.10586166381836	6.279616832733154
30.633132934570312	30.056583404541016	-23.560546875
23.710376739501953	0.981830894947052	7.804563522338867
-33.22892379760742	25.181346893310547	-6.987369537353516
33.56044006347656	-27.412466049194336	26.091617584228516
-10.8010892868042	5.184210777282715	20.691112518310547
-2.737910747528076	5.360609531402588	-30.679807662963867
-11.396570205688477	20.350385665893555	19.436908721923828
0.06942930072546005	30.51975440979004	-5.091076374053955
15.188870429992676	19.197059631347656	10.724674224853516
26.68765640258789	-3.661954879760742	37.500099182128906
-16.745508193969727	17.43511199951172	-13.110939025878906
7.216864585876465	-24.222217559814453	32.8482551574707
26.01494789123535	-8.40857982635498	26.42463493347168
-3.3180179595947266	8.79153060913086	24.54147720336914
-30.7839298248291	2.353971242904663	-10.881758689880371
28.689590454101562	23.894432067871094	-36.41007995605469
-10.905719757080078	-28.839879989624023	-4.599982261657715
2.7428653240203857	-1.020190715789795	-22.58286476135254
22.891033172607422	9.271220207214355	-6.394211769104004
-9.048897743225098	-16.306732177734375	14.540604591369629
-25.205644607543945	36.83487319946289	-37.008888244628906
-19.034713745117188	0.08496100455522537	-9.254319190979004
26.49135971069336	21.701025009155273	34.46984100341797
26.582611083984375	0.39465585350990295	27.541505813598633
-39.68971633911133	-10.293047904968262	8.812400817871094
21.59979820251465	25.123069763183594	0.9443240165710449
-38.00632095336914	11.36584758758545	9.993325233459473
25.166608810424805	-6.055332183837891	-31.58809471130371
25.342470169067383	37.01225280761719	-8.87078857421875
26.448633193969727	-30.01127815246582	-20.565479278564453
-26.627315521240234	19.5714168548584	-33.61308288574219
-13.255154609680176	-0.28363460302352905	7.798891067504883
-18.469348907470703	32.5268669128418	0.4161270260810852
-35.48644256591797	36.37725067138672	-11.983250617980957
14.719279289245605	-31.99186134338379	11.479513168334961
3.644930839538574	6.48667049407959	-23.38253402709961
-17.7367000579834	-18.027727127075195	-16.045700073242188
-27.122848510742188	14.309264183044434	-36.22552490234375
37.596683502197266	-16.131532669067383	-25.721851348876953
30.061973571777344	7.545446872711182	-31.01266860961914
-16.510759353637695	-24.090669631958008	10.60154914855957
-33.67483139038086	11.57519817352295	11.962458610534668
29.5047550201416	-14.891627311706543	-0.33772826194763184
16.926406860351562	-31.812854766845703	18.579025268554688
38.30421829223633	22.49748992919922	-0.7790991067886353
-3.4414894580841064	17.67286491394043	-23.46775245666504
29.075963973999023	36.24881362915039	28.847625732421875
-39.35722732543945	-3.1641530990600586	38.231101989746094
-23.696718215942383	-21.439865112304688	-34.391414642333984
-33.13837432861328	-3.4663751125335693	-19.834089279174805
-39.32246398925781	27.288711547851562	-8.692312240600586
-31.75225067138672	-20.060482025146484	-25.602479934692383
-34.66827392578125	-31.32913589477539	6.480299472808838
-9.740705490112305	-36.68064880371094	24.964082717895508
-16.1619930267334	28.717910766601562	-4.161269664764404
10.944289207458496	29.49217414855957	23.390316009521484
-2.3266706466674805	-20.265636444091797	-11.411556243896484
21.442455291748047	20.695566177368164	-19.975797653198242
-23.00164794921875	1.3086780309677124	23.30219841003418
20.541648864746094	4.199385643005371	7.512895107269287
18.632349014282227	1.7383302450180054	-9.688822746276855
6.8375139236450195	11.276083946228027	2.864079236984253
-17.217620849609375	-8.332984924316406	-24.999725341796875
3.7243547439575195	26.3703670501709	9.626874923706055
-34.314361572265625	-12.753828048706055	21.117570877075195
14.277429580688477	-9.023059844970703	12.29463005065918
-21.587554931640625	24.955211639404297	-38.77281951904297
-9.2688570022583	-0.47492143511772156	3.8001322746276855
21.70059585571289	-17.16026496887207	-12.123557090759277
-9.764456748962402	16.235187530517578	39.21372604370117
-28.33980941772461	-38.742820739746094	33.5902099609375
16.654693603515625	30.268821716308594	21.361223220825195
-11.275252342224121	37.06584167480469	-29.918643951416016
-33.7252082824707	8.82784366607666	-18.119667053222656
23.004377365112305	-2.308858871459961	-20.71381950378418
26.143795013427734	-14.22790813446045	-12.926430702209473
-15.2721529006958	-16.320667266845703	-27.18562126159668
0.5423150062561035	4.005901336669922	11.877710342407227
-23.446958541870117	-31.732032775878906	-16.34244155883789
10.578474044799805	39.026451110839844	-15.742319107055664
-14.270157814025879	6.914561748504639	-35.75771713256836
-16.206790924072266	-12.337307929992676	-22.77385902404785
13.191482543945312	-37.402503967285156	15.594982147216797
-30.088130950927734	-17.300050735473633	30.225828170776367
-12.758115768432617	6.658998489379883	10.499231338500977
2.273867130279541	14.087198257446289	26.32086753845215
-39.69603729248047	19.938879013061523	-17.937896728515625
17.26225471496582	-34.05499267578125	-39.1942024230957
30.922954559326172	-4.917640209197998	-18.720252990722656
-33.932647705078125	-26.503007888793945	35.135276794433594
-0.21434493362903595	-30.04498863220215	13.098896980285645
-12.11754322052002	5.270738124847412	-13.558647155761719
2.0156452655792236	-39.5288200378418	21.233383178710938
22.570667266845703	32.05183410644531	3.97291898727417
12.3186674118042	17.346202850341797	-24.39638900756836
13.266255378723145	8.71385669708252	-23.293336868286133
-12.920363426208496	-33.366180419921875	5.272800445556641
-39.47566604614258	-9.242703437805176	11.221613883972168
-22.18692398071289	-16.86834716796875	10.425590515136719
36.05967330932617	-27.829113006591797	-28.907241821289062
4.472032070159912	39.362003326416016	-14.619186401367188
15.507351875305176	-2.999061107635498	-29.253192901611328
-13.769134521484375	-7.746073246002197	-37.17341613769531
-31.219480514526367	13.414389610290527	5.638737201690674
26.925689697265625	26.515851974487305	-38.543846130371094
-30.901762008666992	-35.20003128051758	3.2918596267700195
-28.150827407836914	17.938535690307617	-14.186091423034668
-1.174880027770996	-14.867642402648926	13.228107452392578
6.067689895629883	-0.5097561478614807	-27.030773162841797
-17.04388999938965	28.115156173706055	13.978920936584473
37.08103942871094	-8.193161010742188	16.013174057006836
5.508641719818115	-20.1002140045166	11.866659164428711
-21.946897506713867	-0.4084509611129761	14.762368202209473
12.494400978088379	-29.291608810424805	8.004544258117676
34.11823654174805	-3.746587038040161	5.634226322174072
-34.055355072021484	3.8443503379821777	31.937589645385742
-31.66012954711914	-20.91978645324707	-17.787748336791992
-1.4709069728851318	-0.8362060785293579	2.840467929840088
0.4316295385360718	14.490120887756348	-1.680639386177063
2.2167818546295166	-3.999380588531494	8.08193588256836
-20.128150939941406	8.070611000061035	32.230106353759766
-14.31937026977539	-1.1801506280899048	8.698166847229004
-9.379319190979004	-25.119922637939453	37.28738784790039
-3.948249340057373	27.97604751586914	21.061296463012695
-8.371440887451172	3.465928077697754	38.4777946472168
-15.840153694152832	31.44272804260254	-36.99639129638672
-6.111211776733398	-1.2486441135406494	2.561077117919922
2.916226863861084	-29.891231536865234	0.9017747640609741
14.610203742980957	14.210412979125977	-20.23487091064453
10.498140335083008	-26.3306827545166	25.41143798828125
26.983877182006836	-19.409175872802734	29.654478073120117
-32.068119049072266	37.424068450927734	0.2086162567138672
-21.5028018951416	-31.643896102905273	-17.79955291748047
22.90379524230957	-18.67365837097168	38.873512268066406
19.384639739990234	-34.65583419799805	37.0726432800293
-31.107189178466797	-26.862144470214844	34.20425796508789
27.015745162963867	38.35942840576172	30.225879669189453
1.157857894897461	37.539344787597656	29.603031158447266
-12.71346378326416	-26.44738006591797	-3.4279212951660156
16.405973434448242	22.07761573791504	-23.971900939941406
34.97523498535156	-9.722780227661133	-17.329071044921875
-13.036520004272461	-39.75260925292969	32.49325942993164
-22.45633888244629	27.682884216308594	-10.857665061950684
-37.217437744140625	12.080731391906738	-29.600589752197266
-7.261666774749756	7.083702087402344	-39.22523498535156
-10.69180679321289	-8.470226287841797	-38.84676742553711
13.433708190917969	38.062442779541016	39.85099411010742
39.71356964111328	-36.987789154052734	29.210397720336914
34.769981384277344	3.483635663986206	-15.68023681640625
3.7187366485595703	-37.75495910644531	18.133760452270508
24.774934768676758	-4.217610836029053	-18.121870040893555
-38.44081115722656	25.173063278198242	-31.3577823638916
20.71978187561035	-18.855728149414062	-5.061993598937988
-11.748778343200684	-12.899115562438965	18.10324478149414
-18.215084075927734	33.384979248046875	22.539247512817383
34.415870666503906	-6.719038963317871	21.178266525268555
-30.203340530395508	6.747003555297852	38.800045013427734
-24.15105438232422	2.3565597534179688	22.45976448059082
16.318601608276367	8.597620964050293	-9.214548110961914
-6.42363977432251	23.72628402709961	24.025915145874023
36.249366760253906	27.103010177612305	24.046371459960938
-4.332536697387695	-6.860619068145752	18.401451110839844
-21.112611770629883	36.96708297729492	20.8516902923584
32.538536071777344	15.682490348815918	-2.4954993724823
-35.35371017456055	35.80466079711914	9.828593254089355
-11.381837844848633	23.212650299072266	-37.35689926147461
-15.932395935058594	-19.712955474853516	-6.916646480560303
6.785398006439209	2.8620221614837646	-2.734008550643921
27.47714614868164	0.8152456283569336	-1.6523700952529907
9.932233810424805	-15.609634399414062	-19.031780242919922
-24.205307006835938	34.14358139038086	24.179933547973633
25.989971160888672	17.731855392456055	-20.941551208496094
-3.155219554901123	-6.2292633056640625	-29.70123863220215
-6.168096542358398	-22.299999237060547	19.34332847595215
14.66878890991211	-3.5420947074890137	-18.833507537841797
9.270854949951172	18.626384735107422	30.356891632080078
6.353156566619873	-22.211660385131836	15.596410751342773
-3.734271287918091	24.21792221069336	29.48040008544922
-23.719816207885742	-6.01291561126709	-27.765350341796875
-25.176549911499023	19.51059913635254	-37.67988204956055
6.342180252075195	11.403717994689941	-15.23019790649414
3.8028340339660645	15.43618392944336	-34.166587829589844
-1.0933820009231567	-1.2342932224273682	-7.718340873718262
-1.7818717956542969	-6.065572738647461	-10.806559562683105
-7.8077569007873535	19.726421356201172	-15.03632640838623
-13.727895736694336	38.84355163574219	-33.98196792602539
14.86754322052002	-11.12429428100586	-11.881983757019043
-37.85818862915039	35.44343948364258	-17.600439071655273
26.51996612548828	-13.694835662841797	0.320759117603302
-30.360170364379883	-29.226226806640625	-33.50221633911133
-7.965932846069336	7.037399768829346	14.442752838134766
-19.942792892456055	-31.994050979614258	-37.363136291503906
-10.91773796081543	-13.867851257324219	19.618370056152344
33.62801742553711	4.250443935394287	-2.5278851985931396
-0.2536657750606537	-39.88999557495117	-31.582469940185547
-26.727203369140625	6.862734794616699	-4.994573593139648
-33.52111053466797	35.604732513427734	-21.45838737487793
-4.238754749298096	-12.316869735717773	0.2342831939458847
16.383485794067383	-30.14726448059082	25.616853713989258
-39.44083023071289	-31.997495651245117	30.713388442993164
-10.251026153564453	23.197416305541992	-39.281761169433594
-11.0211181640625	16.162015914916992	8.911678314208984
-22.86404800415039	-15.817911148071289	26.461029052734375
-6.022921562194824	1.804654836654663	-31.130098342895508
6.226910591125488	-10.38446044921875	-2.459777593612671
26.886516571044922	34.82331466674805	9.146865844726562
6.807826519012451	-23.950275421142578	-2.574810266494751
-28.09979820251465	11.704106330871582	-26.028236389160156
13.380756378173828	-21.55646324157715	-34.203495025634766
-19.382686614990234	18.704059600830078	-16.285717010498047
0.4474232494831085	3.4696555137634277	29.594881057739258
25.2417049407959	-20.617950439453125	0.2642227113246918
5.87236213684082	38.8004150390625	-37.39551544189453
20.531328201293945	7.817870616912842	-23.99180793762207
-16.47599220275879	4.137513160705566	20.24858856201172
19.21950912475586	-2.427791118621826	25.046295166015625
30.34952163696289	30.005861282348633	6.825101852416992
35.60254669189453	3.8870365619659424	6.974420547485352
-31.280241012573242	-13.267821311950684	-5.505679607391357
37.30393981933594	28.487533569335938	37.163516998291016
16.964689254760742	-33.4742546081543	26.780004501342773
-15.232239723205566	-17.227251052856445	20.66697883605957
-0.45057642459869385	4.991087436676025	-4.062075614929199
24.984277725219727	-8.249375343322754	-33.569725036621094
7.68491268157959	34.29433059692383	-34.96471405029297
14.660269737243652	-14.17426872253418	-7.101786136627197
-12.693914413452148	-15.013815879821777	-19.7939510345459
5.385154724121094	-18.868619918823242	-32.334835052490234
-0.7056580781936646	-2.8737804889678955	-18.334096908569336
-4.730993270874023	22.724573135375977	-30.504901885986328
-6.350677967071533	-18.443225860595703	17.166810989379883
-18.144765853881836	8.693899154663086	23.479331970214844
1.8550136089324951	-13.21483325958252	0.3319074809551239
0.7231385111808777	-28.69702911376953	3.8733785152435303
-7.256464004516602	-13.69186782836914	-24.760528564453125
3.093007802963257	15.106167793273926	24.424970626831055
14.919400215148926	1.2995777130126953	1.571959137916565
-33.84819793701172	22.956098556518555	-1.1195979118347168
29.446420669555664	6.44786262512207	-0.5623012781143188
-39.96842575073242	37.48333740234375	-15.888406753540039
2.3752331733703613	-15.62619686126709	-3.933243751525879
1.34310781955719	-14.91279125213623	-4.023568630218506
-23.335186004638672	8.874271392822266	-15.381346702575684
-19.059280395507812	-0.8663924932479858	6.203649997711182
6.493352890014648	12.671028137207031	-3.2790024280548096
-30.261978149414062	12.197844505310059	-28.792285919189453
-19.941326141357422	12.257048606872559	33.542415618896484
15.995674133300781	38.38447570800781	-12.893990516662598
-28.34979820251465	19.151479721069336	3.4465067386627197
16.81098747253418	-32.42350387573242	31.007492065429688
1.559440016746521	8.469860076904297	-29.1476993560791
12.501185417175293	2.7515220642089844	8.059422492980957
9.089249610900879	32.84440231323242	-31.345510482788086
-12.608720779418945	2.033644437789917	14.560574531555176
-1.8989402055740356	-38.29862594604492	-11.536782264709473
-1.7716394662857056	-23.849287033081055	-2.952683925628662
35.851993560791016	-20.11701011657715	-1.8781667947769165
-28.57172393798828	-22.063671112060547	-36.31586456298828
-33.833396911621094	-22.23326301574707	22.820138931274414
-30.58395004272461	-6.250325679779053	18.498342514038086
-19.543054580688477	-18.29121971130371	38.76911163330078
34.4837646484375	39.17141342163086	-31.490432739257812
-16.909442901611328	-26.985734939575195	6.720726490020752
11.465047836303711	-26.805505752563477	-18.751134872436523
20.812734603881836	7.255541801452637	13.070391654968262
24.459733963012695	-9.602399826049805	28.927711486816406
-3.5670828819274902	19.711576461791992	4.807562828063965
35.45002365112305	-32.76447677612305	-32.06627655029297
-27.958166122436523	37.728858947753906	22.672266006469727
-19.68564224243164	-33.178436279296875	-11.901366233825684
1.6938085556030273	-5.244019508361816	35.89125061035156
-14.63389778137207	9.526232719421387	-8.488950729370117
-16.61859893798828	18.2921142578125	8.436407089233398
34.86038589477539	25.026865005493164	-15.622817993164062
7.344416618347168	5.1853203773498535	37.75059127807617
35.582157135009766	16.779861450195312	-33.367095947265625
39.82737350463867	30.613523483276367	5.29982852935791
-5.063333511352539	38.77267837524414	-24.045984268188477
-19.130390167236328	15.016156196594238	29.73478126525879
11.439730644226074	14.74171257019043	-25.473587036132812
-32.42604446411133	-39.824729919433594	30.79146385192871
37.67869567871094	15.231769561767578	8.232105255126953
18.5374755859375	35.22789001464844	-27.016130447387695
15.905773162841797	-20.667940139770508	23.95587921142578
-6.79424524307251	39.400352478027344	34.65758514404297
39.769588470458984	16.811080932617188	-31.358583450317383
34.29922103881836	-39.153106689453125	-28.75446891784668
-37.55556106567383	-35.66682434082031	37.90998840332031
-16.765277862548828	21.527090072631836	-5.741015911102295
29.59701919555664	7.874391555786133	22.202678680419922
-12.323735237121582	-24.209484100341797	-3.8619275093078613
14.756746292114258	32.65713882446289	22.615026473999023
11.713982582092285	34.717369079589844	-28.295635223388672
2.509284019470215	18.341157913208008	24.341838836669922
39.10649871826172	16.786705017089844	-31.680824279785156
-19.423959732055664	-11.763437271118164	-14.579602241516113
22.91105842590332	3.428636312484741	-9.654065132141113
38.64149475097656	5.727786064147949	25.195955276489258
-26.568138122558594	7.5444769859313965	22.942960739135742
7.7760748863220215	-4.935134410858154	-22.031574249267578
-8.148506164550781	-4.3402018547058105	-30.89149284362793
7.440557479858398	5.924117565155029	38.918052673339844
-16.815303802490234	-34.482418060302734	-34.5135612487793
36.68386459350586	11.101795196533203	15.84352970123291
6.974939823150635	33.462425231933594	-11.265292167663574
26.952346801757812	-21.327699661254883	-14.507773399353027
-26.904706954956055	15.48379135131836	22.63496208190918
4.088289260864258	-3.418907642364502	-22.13335609436035
17.296913146972656	-30.855743408203125	-28.053312301635742
-27.79390525817871	-2.689561605453491	16.545392990112305
28.073488235473633	-33.293304443359375	-28.82835578918457
34.55559539794922	-22.63726234436035	17.96013641357422
13.3139066696167	-18.230674743652344	34.25270462036133
-6.357778072357178	39.98980712890625	-11.564778327941895
-23.853242874145508	27.823745727539062	-28.92949867248535
26.55084228515625	-24.745376586914062	-14.828083992004395
-17.15079116821289	-0.1918395459651947	-32.772865295410156
-2.19138240814209	20.967622756958008	-15.452192306518555
-5.396895408630371	16.347637176513672	11.476546287536621
-35.57802200317383	-1.8883637189865112	-6.499171257019043
7.70918083190918	-12.789668083190918	-5.462237358093262
-25.854001998901367	-14.580230712890625	7.793347358703613
-38.597599029541016	-19.866804122924805	-13.670631408691406
35.991539001464844	-25.34905433654785	39.66084289550781
20.02481460571289	-19.193653106689453	20.676076889038086
27.59637451171875	-2.0405149459838867	23.82725715637207
27.586746215820312	8.329035758972168	19.973201751708984
37.87495803833008	-34.27116394042969	-14.510095596313477
-22.531240463256836	-38.54270553588867	-9.45322322845459
11.436765670776367	30.956104278564453	-4.466583728790283
13.963750839233398	30.512113571166992	-14.55337905883789
32.505104064941406	-8.14792251586914	11.373302459716797
8.414712905883789	10.72824764251709	-27.22072410583496
-35.13469696044922	22.997697830200195	-5.122000694274902
-31.943784713745117	-9.418001174926758	17.833850860595703
-12.675603866577148	6.536264896392822	18.16374397277832
-30.76270294189453	8.135486602783203	-6.573200702667236
27.108901977539062	-0.16357916593551636	-36.26067352294922
13.395613670349121	-9.195691108703613	-36.16264724731445
30.19939613342285	-10.420877456665039	-39.7872428894043
-30.96033477783203	-35.11426544189453	12.52054500579834
-18.357152938842773	11.362869262695312	-0.0016060522757470608
0.024044310674071312	0.039842937141656876	0.04866541549563408
0.016028515994548798	-0.022178558632731438	-0.008315608836710453
0.009779439307749271	-0.07777605205774307	-0.06733496487140656
-0.06157141923904419	0.09722545742988586	-0.010934202000498772
-0.0584070160984993	-0.09622562676668167	-0.06866087764501572
0.04660913720726967	0.0028145916294306517	0.09844517707824707
0.07413932681083679	-0.059094008058309555	-0.02482547052204609
-0.03682605177164078	-0.09920720010995865	-0.09369681030511856
-0.052899450063705444	-0.04843099042773247	0.050373729318380356
-0.022261667996644974	-0.09493310749530792	0.024994822219014168
0.0786488801240921	-0.07264164835214615	-0.010715676471590996
0.039699506014585495	0.08734840899705887	-0.01551106758415699
-0.05399715527892113	0.0982629805803299	0.006968891713768244
0.052912987768650055	-0.005480765365064144	0.07477158308029175
-0.011705524288117886	-0.08941008150577545	-0.059153877198696136
-0.03892951458692551	-0.04836500436067581	-0.03594959154725075
-0.04039125144481659	0.03102102130651474	0.043780773878097534
-0.03206731379032135	0.05247823894023895	-0.04534385725855827
0.0023693388793617487	-0.0653577670454979	-0.07097060233354568
-0.049609534442424774	0.03327969089150429	0.005433703772723675
0.027937619015574455	0.0070722149685025215	-0.07159922271966934
0.04199587181210518	-0.08884241431951523	0.09241010993719101
-0.04829452559351921	0.014106734655797482	0.014995185658335686
-0.046305231750011444	-0.0430552214384079	-0.0666923001408577
-0.0220419280230999	-0.07571543753147125	-0.019044945016503334
-0.03326903656125069	-0.0006616771570406854	-0.005882899276912212
-0.053174395114183426	-0.04952115938067436	-0.0873832032084465
-0.03907328099012375	0.041670333594083786	-0.07732299715280533
0.023159215226769447	0.019557001069188118	0.09114857763051987
-0.07911020517349243	-0.02522851899266243	-0.05568408593535423
0.019406786188483238	0.07105958461761475	0.06966076046228409
-0.03142916411161423	-0.03004446066915989	0.03629710525274277
-0.0640483871102333	-0.02297970838844776	-0.08241665363311768
-0.05718925595283508	0.08417832851409912	-0.0047561898827552795
0.01606234535574913	-0.09255243092775345	0.06484444439411163
0.019657131284475327	-0.0831066444516182	-0.049209658056497574
0.0468076691031456	0.014094805344939232	-0.0791233628988266
0.008219705894589424	-0.032490115612745285	0.06521513313055038
0.01527022011578083	0.08014561980962753	-0.04298355430364609
-0.024543998762965202	0.001854959293268621	0.01876276358962059
0.007488524541258812	0.04416928440332413	-0.05548911914229393
-0.09102482348680496	0.005290263798087835	-0.02880776859819889
0.027696330100297928	0.04317760840058327	-0.07113157212734222
0.09686732292175293	-0.0959806889295578	0.03843143209815025
-0.05732200667262077	0.06802774965763092	-0.035479702055454254
0.06663309037685394	0.038566384464502335	-0.04613901302218437
-0.07209281623363495	-0.03561066836118698	0.026978271082043648
0.01678696647286415	0.03316964581608772	0.0628284439444542
-0.05180054157972336	0.07983345538377762	-0.04202594608068466
-0.06597350537776947	0.06533153355121613	0.07994234561920166
-0.07082439959049225	0.018382897600531578	-0.057182617485523224
0.03586385026574135	0.09324751049280167	-0.04905431717634201
0.08669794350862503	0.009440679103136063	0.02884741500020027
-0.0972156822681427	0.06464304029941559	-0.004523792769759893
-0.026230139657855034	0.03576816990971565	0.05652671307325363
0.07706744223833084	-0.05190543457865715	0.05420779809355736
0.05106506496667862	-0.064980648458004	-0.09487496316432953
-0.03777143359184265	0.01686651073396206	0.07831615954637527
-0.08692459762096405	-0.04253246635198593	0.060985714197158813
0.012312774546444416	-0.06498080492019653	0.07194249331951141
0.03719811886548996	0.058779969811439514	0.03945589438080788
-0.029523169621825218	-0.03264787793159485	-0.09274087101221085
0.02540614642202854	0.03449798375368118	0.0907067358493805
0.03803528845310211	0.015942810103297234	-0.004933704622089863
-0.01422142330557108	-0.00834141205996275	0.019214747473597527
0.05090172588825226	0.0701812207698822	-0.00730157783254981
0.08994200080633163	0.04039377346634865	-0.06619878858327866
0.08939763158559799	0.06144862249493599	-0.0924607515335083
-0.06113823503255844	0.05392754450440407	-0.058629974722862244
0.03492747247219086	-0.006689860951155424	-0.032120198011398315
-0.05594416707754135	-0.017661888152360916	0.0008257675799541175
-0.056419774889945984	0.020011477172374725	-0.03167687729001045
-0.029728224501013756	-0.0499209389090538	-0.03703947737812996
-0.04391423240303993	0.01841636747121811	-0.08908684551715851
-0.06198829039931297	0.07715350389480591	0.09378950297832489
-0.029614850878715515	-0.04005909711122513	-0.043633293360471725
0.028329623863101006	-0.05328144505620003	-0.06681802868843079
0.07711391150951385	-0.09311634302139282	0.03130939230322838
0.07559909671545029	-0.0179731547832489	0.04683844372630119
-0.05517994984984398	0.057221755385398865	-0.0028804056346416473
0.06727343797683716	-0.038232821971178055	0.08459964394569397
-0.06802789121866226	0.012327101081609726	0.05671218782663345
-0.0954662561416626	-0.09238581359386444	0.04746297001838684
-0.08673759549856186	0.054647140204906464	0.006980877835303545
0.022411609068512917	0.07686678320169449	0.019164258614182472
-0.018261898308992386	0.08510424941778183	0.04978492483496666
-0.06044061854481697	-0.0013100961223244667	0.03757784143090248
0.03777153789997101	0.0792631283402443	-0.060245778411626816
0.0019918647594749928	-0.05500262603163719	-0.0946829542517662
-0.0836365595459938	-0.03177548199892044	0.047636982053518295
0.03995119035243988	-0.0809946060180664	0.061529237776994705
0.09994948655366898	-0.011578073725104332	0.03712330758571625
0.054451849311590195	-0.06361544132232666	-0.02911231480538845
-0.04813618212938309	0.03121933713555336	-0.00914760958403349
0.01763392612338066	0.02652178332209587	0.08011419326066971
0.022311316803097725	0.02436494082212448	-0.07364659011363983
0.09031184017658234	0.09276087582111359	-0.04191061481833458
-0.010735148563981056	-0.09357966482639313	0.02605247125029564
0.002589085139334202	0.08976022899150848	-0.07954546064138412
-0.043382495641708374	0.008928037248551846	-0.03835463523864746
0.04275831580162048	-0.07071202993392944	-0.07043694704771042
-0.06183928623795509	0.029432300478219986	0.004128416534513235
-0.007819746620953083	0.08160477876663208	0.002526469761505723
0.05951791629195213	0.06377559155225754	0.05391359701752663
0.030836863443255424	0.007763154339045286	-0.07432002574205399
-0.05551055446267128	0.025613853707909584	-0.06556325405836105
-0.09587787091732025	-0.09062112867832184	-0.007464839145541191
-0.008100965060293674	0.05958554521203041	0.016016962006688118
0.030769849196076393	0.0922800824046135	-0.01669548638164997
-0.03552804887294769	0.0357954278588295	-0.0852227509021759
-0.09956856817007065	-0.07214462012052536	0.07692249864339828
0.06179269403219223	0.08377446234226227	0.04141472280025482
0.0868486538529396	0.08252769708633423	-0.0623837448656559
0.002323792316019535	-0.009009919129312038	0.08392222225666046
0.08487281948328018	-0.09945943206548691	-0.011459833942353725
0.05750538036227226	0.06953945755958557	-0.045773785561323166
0.061284955590963364	0.08841283619403839	-0.060082461684942245
-0.05628296360373497	-0.00604588957503438	-0.08221589028835297
0.019664263352751732	0.07223480939865112	0.056455135345458984
-0.04580431804060936	0.09272105246782303	-0.07456758618354797
-0.022011343389749527	-0.052131250500679016	0.07901114225387573
-0.01599028706550598	-0.0918145552277565	-0.00895518809556961
-0.06078749895095825	0.04289254918694496	0.09282784909009933
-0.05240953341126442	0.09405996650457382	0.003562303725630045
0.07096867263317108	0.09894084185361862	0.07899471372365952
-0.07222487032413483	-0.08617915958166122	-0.09553244709968567
0.04357996582984924	0.05435673147439957	-0.07382224500179291
-0.08839159458875656	-0.07828468829393387	-0.06337551772594452
-0.07656529545783997	0.05036912113428116	-0.04521686211228371
0.0010079314233735204	-0.023905588313937187	0.06158151850104332
0.06615451723337173	0.0577445924282074	-0.015532797202467918
-0.062192004173994064	0.02208782359957695	0.0328441746532917
0.07438720762729645	-0.08093754947185516	-0.08709569275379181
-0.05916401371359825	0.0940343588590622	0.01934719644486904
-0.06080147996544838	0.03924517333507538	0.03307211026549339
-0.06565314531326294	-0.00038322428008541465	-0.07447094470262527
0.0731915608048439	0.06835772842168808	0.06437551230192184
-0.003143368288874626	0.016396285966038704	-0.07346146553754807
0.07676518708467484	0.08589905500411987	-0.07117002457380295
-0.09509866684675217	0.0013495130697265267	-0.03765390068292618
0.0060866596177220345	0.03729831054806709	-0.031415801495313644
0.034828245639801025	0.07505279779434204	-0.01779719814658165
-0.03050949051976204	0.07134880870580673	-0.04668235778808594
0.018039019778370857	0.09107658267021179	-0.01131560280919075
0.050382498651742935	0.008447092026472092	0.019801409915089607
0.05959474295377731	-0.09438907355070114	-0.06291027367115021
0.004693718161433935	-0.08485286682844162	-0.06324603408575058
-0.04025231674313545	-0.003205625806003809	0.03881251811981201
-0.09220528602600098	-0.09272849559783936	0.06085968017578125
-0.07351140677928925	-0.07612565904855728	-0.06056391820311546
0.011115912348031998	0.050300177186727524	-0.09587294608354568
0.06411390751600266	0.08610852807760239	0.01891379803419113
-0.02564067952334881	-0.09448825567960739	-0.05775073170661926
0.0745110884308815	0.03145034238696098	-0.03169993311166763
-0.011352048255503178	-0.06718898564577103	0.09116970002651215
0.04309743270277977	0.09572029113769531	-0.012938614003360271
-0.08124804496765137	-0.0680658370256424	-0.07183746248483658
-0.08241654932498932	0.06103062629699707	-0.017932461574673653
0.03823663294315338	0.09981027990579605	-0.04835943877696991
0.0871707871556282	0.04741320386528969	0.029766397550702095
0.06376912444829941	-0.022211754694581032	0.01959287002682686
-0.060441754758358	0.0032633182127028704	0.002799738198518753
-0.07887524366378784	0.0867871642112732	-0.057619884610176086
-0.0326768197119236	0.08126095682382584	-0.04900185391306877
-0.08233948051929474	0.04091666266322136	0.03065931610763073
-0.0637262612581253	-0.09946723282337189	0.0650472491979599
-0.060902178287506104	-0.029099438339471817	-0.06504128873348236
-0.004061467479914427	0.08248192071914673	-0.09042561054229736
0.030891472473740578	0.051404498517513275	-0.02509734034538269
0.0543176494538784	-0.010876965709030628	-0.004022264387458563
0.07846464961767197	-0.018189022317528725	0.014712340198457241
-0.07579689472913742	0.022501539438962936	-0.038164809346199036
-0.03992301970720291	0.031431905925273895	0.08030220866203308
0.08726941794157028	0.04382215812802315	-0.021305212751030922
-0.005600704345852137	0.06731711328029633	0.050104107707738876
0.009187300689518452	-0.03515305742621422	-0.0017514483770355582
-0.008168979547917843	-0.07374422997236252	0.04174722731113434
0.013771262019872665	-0.06796106696128845	0.02443872019648552
-0.0704776793718338	-0.08011377602815628	0.03608454763889313
-0.05397193506360054	0.0006187956896610558	0.055356163531541824
0.09947994351387024	0.05152316763997078	0.06353364139795303
-0.0040976908057928085	0.04868829622864723	0.0020370411220937967
-0.09153763204813004	0.06449969857931137	-0.0497082956135273
-0.08568216115236282	-0.045133184641599655	0.01371954195201397
-0.0912674069404602	-0.09992074966430664	-0.023588601499795914
0.06485283374786377	-0.013575125485658646	0.09542035311460495
-0.07069408148527145	-0.025485781952738762	0.00444587878882885
0.031997665762901306	0.000782521441578865	-0.019346941262483597
0.04570678621530533	-0.04387360066175461	0.050608549267053604
0.08199611306190491	0.08656860142946243	-0.049032021313905716
0.053087927401065826	-0.01685480959713459	0.05166460573673248
-0.016904642805457115	0.06411387026309967	-0.06863009929656982
-0.09015846252441406	0.05212850123643875	0.047967907041311264
0.007809201255440712	0.0754866972565651	-0.08677536994218826
0.02146807871758938	-0.014633802697062492	-0.059654511511325836
-0.04032009094953537	-0.02930632047355175	-0.06785116344690323
0.04183943197131157	0.052296437323093414	-0.08458632975816727
0.06084556132555008	-0.09529320895671844	-0.007063416298478842
0.05019990727305412	-0.012700260616838932	0.05576668307185173
-0.07505866140127182	-0.022140322253108025	0.03693837672472
0.017073681578040123	0.09668971598148346	0.04359903186559677
0.07791080325841904	-0.06712032854557037	0.036689337342977524
0.07021117210388184	0.07802395522594452	-0.0880666971206665
0.052919719368219376	0.04369854927062988	0.06828425079584122
0.008203046396374702	-0.035547710955142975	0.06996341794729233
-0.0044558788649737835	0.09587284177541733	-0.06506865471601486
-0.04600347578525543	-0.06840349733829498	0.03782859444618225
0.09502755850553513	0.09790823608636856	-0.09507622569799423
-0.011878090910613537	0.03567468747496605	0.07618570327758789
-0.0403917096555233	0.02077251300215721	-0.0892617478966713
-0.05880923941731453	-0.009116099216043949	0.08509338647127151
0.06640838086605072	0.06954386830329895	0.06891541182994843
-0.03664660453796387	0.04701786860823631	0.07385615259408951
-0.04934501647949219	0.009568569250404835	-0.030790070071816444
-0.012119072489440441	-0.08556787669658661	-0.09299857169389725
0.0032921473030000925	0.060204315930604935	-0.00077692826744169
0.031400132924318314	-0.05098285898566246	0.03320881351828575
0.05243932083249092	-0.06254670023918152	-0.09217604249715805
-0.08052105456590652	-0.09209378063678741	0.0008918534149415791
-0.0761730745434761	-0.03293362632393837	-0.02903367578983307
-0.04007681831717491	-0.07339974492788315	-0.02675134316086769
0.0024137981235980988	-0.004709526896476746	-0.09080998599529266
0.04832952842116356	0.08404433727264404	0.08107326179742813
0.023743629455566406	-0.0030474120285362005	0.08218765258789062
-0.030195368453860283	-0.025433188304305077	0.025992315262556076
-0.0038858437910676003	-0.07393001019954681	-0.012797481380403042
0.062217582017183304	-0.008637004531919956	0.06174058839678764
0.08243954926729202	0.08830895274877548	-0.0777415782213211
0.025900034233927727	0.05569534748792648	-0.06326690316200256
-0.06933792680501938	0.09080971032381058	0.0039008844178169966
0.0683804377913475	0.04599686712026596	-0.07921147346496582
-0.025667835026979446	-0.01675640419125557	-0.0989198163151741
0.09364759176969528	-0.06862170994281769	-0.08910692483186722
-0.010782124474644661	-0.0671166479587555	-0.07647279649972916
0.09080563485622406	-0.051250893622636795	-0.08671732246875763
-0.08808509260416031	-0.08154744654893875	0.07895707339048386
0.04601834714412689	0.09767256677150726	0.09927988052368164
-0.04500524327158928	0.0038459168281406164	-0.09022627025842667
0.0548134408891201	-0.07436426728963852	0.03407780081033707
0.039029791951179504	0.062309280037879944	-0.035018082708120346
-0.05719016492366791	-0.0753648653626442	-0.07407703250646591
-0.08499234914779663	-0.06773661077022552	-0.03051571361720562
-0.052134864032268524	-0.052280887961387634	0.0964021235704422
0.06663917005062103	-0.07416260242462158	0.06462670117616653
-0.09656859934329987	0.026652637869119644	0.08278153091669083
0.018031617626547813	-0.025691919028759003	-0.0249654371291399
-0.051722392439842224	0.09551971405744553	-0.061726268380880356
-0.04581126198172569	0.0036111562512815	0.05094712972640991
-0.01870664954185486	0.026622626930475235	-0.09585350006818771
0.04811569303274155	-0.0114434864372015	0.08894508332014084
0.011240043677389622	0.019456392154097557	0.07950583845376968
0.07235868275165558	0.06855964660644531	-0.0018551311222836375
0.000249489356065169	0.031995274126529694	-0.008259073831140995
-0.07302231341600418	0.01802777126431465	-0.08652901649475098
0.05364378169178963	-0.03656689450144768	0.005435608793050051
0.06618350744247437	0.0820356160402298	-0.025648197159171104
0.014791852794587612	0.022687135264277458	-0.0577005110681057
0.0032409755513072014	0.04598104953765869	-0.08886433392763138
0.04634547978639603	0.08201903104782104	0.0046879504807293415
-0.08346530050039291	0.04095274582505226	0.029119960963726044
-0.01918082684278488	-0.019469281658530235	-0.019019918516278267
-0.013708523474633694	-0.014477316290140152	-0.08237956464290619
0.013202865608036518	-0.05645432323217392	-0.07013316452503204
-0.03165217861533165	0.0049720159731805325	-0.0033180126920342445
-0.02196579799056053	0.09410832822322845	0.01546522043645382
0.06029272824525833	0.06254158914089203	0.0784086361527443
0.0959269180893898	0.03414235636591911	0.04772942140698433
0.09537815302610397	0.04375991225242615	-0.0008450057939626276
0.08843499422073364	0.045172687619924545	0.042015258222818375
-0.0340203195810318	-0.09057070314884186	0.027005601674318314
0.05098942294716835	0.034606777131557465	0.04577202349901199
-0.07532596588134766	0.06351365149021149	0.04894808307290077
0.06489213556051254	0.07063116133213043	-0.09795712679624557
-0.054785989224910736	-0.06838100403547287	0.05979262664914131
-0.009876446798443794	-0.0391128733754158	0.024562902748584747
0.05237925797700882	0.003486578119918704	-0.02046564593911171
-0.01600642129778862	-0.004377997945994139	-0.09800110757350922
-0.08403041213750839	0.08736009150743484	0.06145632639527321
0.00858624279499054	0.07385965436697006	-0.01586601324379444
0.07252635806798935	-0.055476367473602295	-0.08619875460863113
0.05912989750504494	0.05961211025714874	-0.07035243511199951
0.08581431210041046	-0.072911836206913	-0.07254503667354584
0.0520312525331974	0.055551156401634216	-0.011055134236812592
-0.02245103009045124	0.062361933290958405	0.016880419105291367
0.053045060485601425	-0.008635889738798141	0.021366078406572342
-0.026607530191540718	-9.169863915303722e-05	0.08520910888910294
0.07039743661880493	-0.09240084886550903	-0.09670879691839218
0.0757671520113945	0.0018470422364771366	-0.012786969542503357
-0.022401273250579834	0.09536390751600266	0.03839285299181938
-0.05895677208900452	0.08515406399965286	-0.011642694473266602
-0.04071184620261192	0.0008528449689038098	0.01926005631685257
0.022177455946803093	0.07603027671575546	-0.055792566388845444
-0.07305894047021866	-0.006753980182111263	0.057407818734645844
-0.08408338576555252	-0.07611630111932755	-0.06738771498203278
0.026644021272659302	0.0527024045586586	-0.06474266201257706
0.0063220905140042305	-0.011067078448832035	-0.09389694780111313
0.07889269292354584	-0.05591339245438576	-0.06503789126873016
-0.03978455439209938	-0.05576444789767265	-0.0883769616484642
-0.04213365539908409	0.07459937036037445	-0.02389531582593918
0.05981370061635971	-0.08157971501350403	0.0007813788251951337
-0.07890057563781738	0.010219212621450424	-0.05380692332983017
0.0023483324330300093	0.09370506554841995	-0.05664665624499321
-0.08552958816289902	-0.03249000757932663	0.03964141011238098
-0.037917908281087875	0.0780831053853035	0.007844303734600544
0.07830503582954407	0.05595668777823448	0.003351350547745824
0.06655874103307724	0.01197359524667263	-0.04212409630417824
0.07184901833534241	0.018100593239068985	-0.03409353271126747
0.07325553894042969	0.09441041946411133	0.04635312035679817
-0.05818065628409386	-0.08043308556079865	-0.002967637497931719
0.09424552321434021	0.0031622762326151133	0.04045503959059715
0.029422542080283165	-0.0068892259150743484	-0.08604694902896881
0.044474389404058456	-0.02413545548915863	0.01468014158308506
0.07830329984426498	0.005750054493546486	-0.0949564203619957
0.08193735033273697	0.03909400850534439	0.028743715956807137
-0.003901397343724966	0.06843014806509018	0.037484750151634216
-0.05723417550325394	0.08492633700370789	-0.04824281111359596
-0.02300424501299858	-0.01529165729880333	-0.01221641805022955
0.00673284288495779	0.05561182275414467	-0.00261318520642817
0.01287082489579916	-0.055386997759342194	-0.0645609200000763
-0.02846241369843483	-0.08501450717449188	0.09405026584863663
-0.006728860083967447	-0.07434398680925369	-0.08066267520189285
0.07807715982198715	0.037335556000471115	-0.04667862132191658
0.08538181334733963	0.030592404305934906	-0.03577497974038124
0.05582931265234947	0.0632757917046547	0.08905012160539627
-0.01781654544174671	0.026055384427309036	-0.05133979022502899
0.042490098625421524	0.07946557551622391	0.04970880597829819
0.06286397576332092	-0.07972169667482376	-0.057275593280792236
0.0979645624756813	0.04686906561255455	-0.07660223543643951
0.018727250397205353	-0.04028476029634476	0.009184706024825573
-0.09495623409748077	0.0477459691464901	0.06442930549383163
0.054218839854002	-0.06526440382003784	-0.08838832378387451
-0.0820145383477211	-0.0228735264390707	-0.03661026433110237
0.07241801172494888	-0.04894524812698364	-0.023185333237051964
-0.004129426553845406	0.02149396575987339	0.09266498684883118
0.00013152002065908164	0.05746767297387123	-0.061407752335071564
0.04016052931547165	-0.05998539924621582	0.010577811859548092
-0.0812952071428299	-0.0009794310899451375	-0.015265925787389278
-0.013916055671870708	0.023030536249279976	-0.09938045591115952
-0.011833231896162033	-0.030610650777816772	0.08620447665452957
0.07518193870782852	0.016244251281023026	-0.05375533550977707
0.017777834087610245	0.0003004233876708895	-0.08710368722677231
